0 12.9839
1 13.1031
2 11.8345
3 10.6602
4 11.2913
5 10.8771
6 11.1527
7 10.9164
8 10.7957
9 10.4532
10 10.5234
11 10.4689
12 9.32044
13 9.58366
14 9.47359
15 9.46156
16 8.989
17 9.0729
18 8.73625
19 8.61538
20 8.67577
21 8.79252
22 8.46275
23 8.47912
24 8.42321
25 8.38836
26 8.04894
27 8.20619
28 8.08114
29 7.635
30 7.83431
31 7.6561
32 7.69547
33 7.62035
34 7.52111
35 7.39672
36 7.39672
37 7.30846
38 7.22352
39 7.2131
40 7.16667
41 7.0349
42 7.07309
43 7.07674
44 6.91337
45 6.85402
46 6.91337
47 6.91337
48 6.91337
49 6.8031
50 6.84263
51 6.84263
52 6.82711
53 6.84263
54 6.69065
55 6.84263
56 6.84263
57 6.83961
58 6.47599
59 6.63494
60 6.60108
61 6.60108
62 6.60108
63 6.60108
64 6.60108
65 6.60108
66 6.57221
67 6.60108
68 6.60108
69 6.52625
70 6.60108
71 6.60108
72 6.54831
73 6.60108
74 6.60108
75 6.44076
76 6.60108
77 6.60108
78 6.59806
79 6.44076
80 6.60108
81 6.60108
82 6.44076
83 6.60108
84 6.60108
85 6.60108
86 6.49081
87 6.54831
88 6.60108
89 6.54432
90 6.54432
91 6.54432
92 6.54432
93 6.18893
94 6.17767
95 6.54432
96 6.54432
97 6.54432
98 6.54432
99 6.54432
100 6.54432
101 6.54432
102 6.54432
103 6.54432
104 6.54432
105 6.54432
106 6.54432
107 6.54432
108 6.54432
109 6.43405
110 6.39445
111 6.54432
112 6.54432
113 6.54432
114 6.41195
115 6.50893
116 6.50893
117 6.50893
118 6.50893
119 6.50893
120 6.50893
121 6.50893
122 6.30494
123 6.50893
124 6.50893
125 6.45617
126 6.34861
127 6.50893
128 6.49072
129 6.50893
130 6.50893
131 6.50893
132 6.14229
133 6.50893
134 6.38962
135 6.38962
136 6.34861
137 6.39632
138 6.39632
139 6.39632
140 6.39632
141 6.39632
142 6.39632
143 6.39632
144 6.236
145 6.39632
146 6.39632
147 6.39632
148 6.39632
149 6.39632
150 6.39632
151 6.39632
152 6.04093
153 6.236
154 6.39632
155 6.3701
156 6.37811
157 6.39632
158 6.27701
159 6.39632
160 6.39632
161 6.39632
162 6.39632
163 6.11979
164 6.34155
165 6.34155
166 6.34155
167 6.20925
168 6.22224
169 6.34155
170 6.34155
171 6.18122
172 6.34155
173 6.34155
174 6.32333
175 6.34155
176 6.18122
177 6.33219
178 6.17848
179 6.34155
180 6.34155
181 6.34155
182 6.34155
183 6.34155
184 6.34155
185 6.34155
186 6.34155
187 6.34155
188 6.34155
189 6.34155
190 6.34155
191 6.18122
192 6.34155
193 6.34155
194 6.15248
195 6.34155
196 6.34155
197 6.34155
198 6.34155
199 6.34155
200 6.18122
201 6.20925
202 6.32333
203 6.34155
204 6.34155
205 6.34155
206 6.34155
207 6.34155
208 6.34155
209 6.34155
210 6.34155
211 6.34155
212 6.34155
213 6.34155
214 6.34155
215 6.18122
216 6.34155
217 6.34155
218 6.34155
219 6.34155
220 6.34155
221 6.34155
222 6.34155
223 6.34155
224 6.34155
225 6.34155
226 6.34155
227 6.30668
228 6.34155
229 6.34155
230 6.34155
231 6.34155
232 6.34155
233 6.34155
234 6.34155
235 6.34155
236 6.1842
237 6.34155
238 6.33219
239 6.34155
240 6.34155
241 6.26573
242 6.22224
243 5.98616
244 6.06502
245 6.18122
246 6.18122
247 6.18122
248 6.18122
249 6.17187
250 6.18122
251 6.18122
252 6.18122
253 6.18122
254 6.18122
255 5.9047
256 6.17848
257 6.17848
258 6.17848
259 6.17848
260 6.17848
261 6.17848
262 6.17848
263 6.17848
264 5.82309
265 5.82309
266 6.17848
267 6.17848
268 5.82309
269 6.16912
270 6.16912
271 6.16912
272 6.16912
273 6.16912
274 5.81374
275 6.16912
276 6.16912
277 6.16912
278 6.16912
279 6.16912
280 6.16912
281 6.16912
282 6.16912
283 6.16912
284 6.16912
285 6.16912
286 6.16912
287 6.16912
288 6.16912
289 6.16912
290 6.16912
291 6.16912
292 6.16912
293 6.16912
294 6.16912
295 5.98006
296 6.16912
297 6.16912
298 6.16912
299 6.16912
300 6.15091
301 6.16912
302 6.16912
303 6.16912
304 6.16912
305 6.16912
306 6.16912
307 6.16912
308 6.16912
309 6.16912
310 6.16912
311 6.16912
312 6.16912
313 6.16912
314 6.16912
315 6.16912
316 6.02319
317 6.16912
318 6.16912
319 6.16912
320 6.16912
321 6.16912
322 6.16912
323 6.16912
324 6.16912
325 6.16912
326 6.16912
327 6.16912
328 6.16912
329 6.02284
330 6.16912
331 6.16912
332 6.16912
333 6.16912
334 6.16912
335 5.96722
336 6.16912
337 6.16912
338 6.16912
339 6.16912
340 6.16912
341 6.16912
342 6.16912
343 6.16912
344 6.16912
345 6.16912
346 6.16912
347 6.16912
348 6.16912
349 6.16912
350 6.16912
351 6.16912
352 6.16912
353 6.16912
354 5.96856
355 6.16912
356 6.16912
357 6.16912
358 6.16912
359 6.16912
360 6.16912
361 6.16912
362 6.16912
363 6.16912
364 6.16912
365 6.16912
366 6.16912
367 6.16912
368 6.16912
369 5.88134
370 6.16912
371 6.16912
372 6.16912
373 6.16912
374 6.03683
375 6.16912
376 6.16912
377 6.16912
378 6.16912
379 6.16912
380 6.16912
381 6.16912
382 6.16912
383 6.16912
384 6.16912
385 6.16912
386 6.16912
387 6.16912
388 6.16912
389 6.16912
390 6.16912
391 6.16912
392 6.16912
393 6.16912
394 6.16912
395 6.16912
396 6.16912
397 6.16912
398 6.16912
399 6.16912
400 6.16912
401 6.16912
402 6.16912
403 6.16912
404 6.16912
405 6.16912
406 6.08119
407 6.16912
408 6.16912
409 6.16912
410 6.16912
411 6.16912
412 6.16912
413 6.16912
414 6.16912
415 6.16912
416 6.16912
417 6.16912
418 6.16912
419 6.16912
420 6.16912
421 6.16912
422 6.03683
423 6.16912
424 6.16912
425 6.16912
426 6.16912
427 6.16912
428 6.16912
429 6.16912
430 6.16912
431 6.16912
432 6.16912
433 5.81374
434 6.16912
435 6.16912
436 6.16912
437 6.16912
438 6.16912
439 6.16912
440 6.16912
441 6.16912
442 6.16912
443 6.03683
444 6.16912
445 6.16912
446 6.16912
447 5.81374
448 6.16912
449 6.16912
450 6.16912
451 6.03683
452 6.16912
453 6.16912
454 6.16912
455 6.16912
456 6.16912
457 6.03683
458 6.16912
459 6.16912
460 6.16912
461 6.16912
462 6.16912
463 6.16912
464 6.16912
465 6.16912
466 6.16912
467 5.86678
468 5.96515
469 5.88134
470 5.92811
471 5.96529
472 5.92811
473 5.96184
474 5.92811
475 5.92811
476 5.92811
477 5.92811
478 5.92811
479 5.92811
480 5.92811
481 5.92811
482 5.92811
483 5.92811
484 5.92811
485 5.92811
486 5.92811
487 5.92811
488 5.92811
489 5.92811
490 5.92811
491 5.92811
492 5.92811
493 5.92811
494 5.92811
495 5.92811
496 5.92811
497 5.92811
498 5.92811
499 5.92811
500 5.92811
501 5.92811
502 5.92811
503 5.92811
504 5.92811
505 5.92811
506 5.92811
507 5.92811
508 5.92811
509 5.92811
510 5.92811
511 5.92811
512 5.92811
513 5.92811
514 5.92811
515 5.92811
516 5.92811
517 5.92811
518 5.92391
519 5.92811
520 5.92811
521 5.92811
522 5.92811
523 5.92811
524 5.92811
525 5.92811
526 5.92811
527 5.92811
528 5.92811
529 5.92811
530 5.92811
531 5.92811
532 5.92811
533 5.92811
534 5.92811
535 5.92811
536 5.92811
537 5.92811
538 5.92811
539 5.82298
540 5.92811
541 5.92811
542 5.92811
543 5.92811
544 5.80222
545 5.82298
546 5.65141
547 5.92811
548 5.92811
549 5.92811
550 5.92811
551 5.92811
552 5.92811
553 5.92811
554 5.92811
555 5.92811
556 5.92811
557 5.92811
558 5.82298
559 5.92811
560 5.80222
561 5.92811
562 5.92811
563 5.90371
564 5.92811
565 5.92811
566 5.92811
567 5.92811
568 5.92811
569 5.92811
570 5.92811
571 5.92811
572 5.92811
573 5.92811
574 5.92811
575 5.92811
576 5.92811
577 5.92811
578 5.92811
579 5.92811
580 5.92811
581 5.92811
582 5.92811
583 5.92811
584 5.92811
585 5.92811
586 5.92811
587 5.92811
588 5.92811
589 5.92811
590 5.92811
591 5.92811
592 5.92811
593 5.92811
594 5.92811
595 5.92811
596 5.92811
597 5.92811
598 5.92811
599 5.92811
600 5.92811
601 5.92811
602 5.92811
603 5.92811
604 5.92811
605 5.92811
606 5.92811
607 5.92811
608 5.92811
609 5.92811
610 5.92811
611 5.92811
612 5.92811
613 5.92811
614 5.92811
615 5.92811
616 5.92811
617 5.92811
618 5.92811
619 5.92811
620 5.92811
621 5.92811
622 5.92811
623 5.92811
624 5.92811
625 5.92811
626 5.92811
627 5.92811
628 5.92811
629 5.92811
630 5.92811
631 5.92811
632 5.92811
633 5.92811
634 5.92811
635 5.92811
636 5.92811
637 5.92811
638 5.92811
639 5.92811
640 5.92811
641 5.92811
642 5.92811
643 5.92811
644 5.92811
645 5.92811
646 5.92811
647 5.90371
648 5.92811
649 5.92811
650 5.92811
651 5.92811
652 5.90371
653 5.92811
654 5.92811
655 5.92811
656 5.92811
657 5.92811
658 5.92811
659 5.92811
660 5.92811
661 5.92811
662 5.92811
663 5.92811
664 5.92811
665 5.92811
666 5.92811
667 5.92811
668 5.92811
669 5.92811
670 5.92811
671 5.92811
672 5.92811
673 5.92811
674 5.92811
675 5.92811
676 5.92811
677 5.92811
678 5.92811
679 5.92811
680 5.92811
681 5.92811
682 5.92811
683 5.92811
684 5.92811
685 5.92811
686 5.92811
687 5.92811
688 5.92811
689 5.92811
690 5.92811
691 5.92811
692 5.92811
693 5.92811
694 5.92811
695 5.92811
696 5.92811
697 5.92811
698 5.92811
699 5.92811
700 5.92811
701 5.92811
702 5.92811
703 5.92811
704 5.92811
705 5.92811
706 5.92811
707 5.92811
708 5.90371
709 5.92811
710 5.92811
711 5.90371
712 5.92811
713 5.92811
714 5.92811
715 5.92811
716 5.92811
717 5.92811
718 5.92811
719 5.92811
720 5.92811
721 5.92811
722 5.92811
723 5.92811
724 5.92811
725 5.92811
726 5.92811
727 5.92811
728 5.92811
729 5.92811
730 5.92811
731 5.92811
732 5.92811
733 5.92811
734 5.92811
735 5.92811
736 5.92811
737 5.92811
738 5.92811
739 5.92811
740 5.92811
741 5.92811
742 5.92811
743 5.92811
744 5.92811
745 5.92811
746 5.92811
747 5.92811
748 5.92811
749 5.92811
750 5.92811
751 5.90371
752 5.92811
753 5.92811
754 5.72754
755 5.92811
756 5.92811
757 5.92811
758 5.92811
759 5.92811
760 5.92811
761 5.92811
762 5.92811
763 5.92811
764 5.92811
765 5.92811
766 5.92811
767 5.92811
768 5.92811
769 5.92811
770 5.92811
771 5.92811
772 5.92811
773 5.92811
774 5.92811
775 5.92811
776 5.92811
777 5.92811
778 5.92811
779 5.92811
780 5.92811
781 5.90371
782 5.82298
783 5.92811
784 5.92811
785 5.92811
786 5.92811
787 5.92811
788 5.92811
789 5.90371
790 5.92811
791 5.92811
792 5.92811
793 5.92811
794 5.92811
795 5.92811
796 5.92811
797 5.92811
798 5.92811
799 5.92811
800 5.92811
801 5.92811
802 5.92811
803 5.92811
804 5.92811
805 5.92811
806 5.92811
807 5.92811
808 5.92811
809 5.92811
810 5.92811
811 5.92811
812 5.92811
813 5.92811
814 5.92811
815 5.80222
816 5.92811
817 5.92811
818 5.92811
819 5.92811
820 5.92811
821 5.92811
822 5.92811
823 5.92811
824 5.92811
825 5.90371
826 5.92811
827 5.92811
828 5.92811
829 5.92811
830 5.92811
831 5.92811
832 5.92811
833 5.92811
834 5.92811
835 5.92811
836 5.92811
837 5.92811
838 5.92811
839 5.92811
840 5.90371
841 5.92811
842 5.92811
843 5.92811
844 5.92811
845 5.80222
846 5.90989
847 5.90989
848 5.90989
849 5.90989
850 5.90989
851 5.90989
852 5.90989
853 5.90989
854 5.90989
855 5.90989
856 5.90989
857 5.90989
858 5.90989
859 5.90989
860 5.90989
861 5.84337
862 5.90989
863 5.90989
864 5.90989
865 5.86519
866 5.86519
867 5.86519
868 5.86519
869 5.84271
870 5.86519
871 5.84163
872 5.86519
873 5.86519
874 5.86519
875 5.86519
876 5.86519
877 5.86519
878 5.86519
879 5.85553
880 5.86519
881 5.86519
882 5.86519
883 5.85553
884 5.86519
885 5.86519
886 5.86519
887 5.86368
888 5.85262
889 5.86519
890 5.86519
891 5.86519
892 5.86519
893 5.86519
894 5.86519
895 5.86519
896 5.86519
897 5.86519
898 5.86519
899 5.86519
900 5.86519
901 5.86519
902 5.86519
903 5.86519
904 5.86519
905 5.85553
906 5.86519
907 5.86519
908 5.86519
909 5.86519
910 5.86519
911 5.86519
912 5.86519
913 5.57079
914 5.86368
915 5.86519
916 5.86519
917 5.86519
918 5.86519
919 5.86519
920 5.79826
921 5.86519
922 5.86519
923 5.86519
924 5.86519
925 5.86519
926 5.73071
927 5.86519
928 5.86519
929 5.86519
930 5.86519
931 5.86519
932 5.86368
933 5.86519
934 5.86519
935 5.86519
936 5.86519
937 5.86519
938 5.86519
939 5.86519
940 5.86519
941 5.86519
942 5.86519
943 5.86519
944 5.86519
945 5.86519
946 5.85553
947 5.86519
948 5.86519
949 5.86519
950 5.86519
951 5.86519
952 5.86519
953 5.86519
954 5.86519
955 5.86519
956 5.61325
957 5.86519
958 5.86519
959 5.86519
960 5.86519
961 5.86519
962 5.86519
963 5.7201
964 5.86519
965 5.86519
966 5.86519
967 5.86519
968 5.86519
969 5.65752
970 5.86519
971 5.84074
972 5.86519
973 5.86519
974 5.84074
975 5.86519
976 5.86519
977 5.86519
978 5.86519
979 5.86519
980 5.86519
981 5.86519
982 5.79826
983 5.86519
984 5.84074
985 5.86519
986 5.86519
987 5.86519
988 5.57079
989 5.78629
990 5.86368
991 5.86368
992 5.86368
993 5.86368
994 5.86368
995 5.86368
996 5.86368
997 5.86368
998 5.84723
999 5.84379
1000 5.79742
1001 5.83632
1002 5.86368
1003 5.86368
1004 5.86368
1005 5.82629
1006 5.84379
1007 5.86368
1008 5.86368
1009 5.86368
1010 5.86368
1011 5.86368
1012 5.86368
1013 5.86368
1014 5.86368
1015 5.84723
1016 5.86368
1017 5.86368
1018 5.86368
1019 5.84723
1020 5.86368
1021 5.656
1022 5.82629
1023 5.82629
1024 5.82629
1025 5.82629
1026 5.82629
1027 5.82629
1028 5.82629
1029 5.82629
1030 5.82629
1031 5.80007
1032 5.82629
1033 5.82629
1034 5.75592
1035 5.80007
1036 5.80007
1037 5.80007
1038 5.80007
1039 5.80007
1040 5.80007
1041 5.80007
1042 5.80007
1043 5.80007
1044 5.80007
1045 5.80007
1046 5.80007
1047 5.80007
1048 5.80007
1049 5.80007
1050 5.80007
1051 5.80007
1052 5.73012
1053 5.73012
1054 5.80007
1055 5.80007
1056 5.80007
1057 5.80007
1058 5.80007
1059 5.80007
1060 5.80007
1061 5.73012
1062 5.78417
1063 5.78417
1064 5.78417
1065 5.78417
1066 5.78417
1067 5.78417
1068 5.78417
1069 5.62136
1070 5.73607
1071 5.7355
1072 5.78417
1073 5.78417
1074 5.78417
1075 5.78417
1076 5.78417
1077 5.78417
1078 5.78417
1079 5.78417
1080 5.78417
1081 5.78417
1082 5.78417
1083 5.78417
1084 5.78417
1085 5.78417
1086 5.78417
1087 5.78417
1088 5.71422
1089 5.71422
1090 5.78417
1091 5.78417
1092 5.78417
1093 5.78417
1094 5.78417
1095 5.78417
1096 5.78417
1097 5.78417
1098 5.78417
1099 5.78417
1100 5.78417
1101 5.78417
1102 5.78417
1103 5.78417
1104 5.78417
1105 5.78417
1106 5.78417
1107 5.71422
1108 5.5794
1109 5.78417
1110 5.78417
1111 5.73607
1112 5.78417
1113 5.78417
1114 5.78417
1115 5.7355
1116 5.68692
1117 5.78417
1118 5.78417
1119 5.5794
1120 5.78417
1121 5.78417
1122 5.78417
1123 5.76193
1124 5.78417
1125 5.78417
1126 5.78417
1127 5.76193
1128 5.5794
1129 5.68418
1130 5.5794
1131 5.68418
1132 5.68418
1133 5.68418
1134 5.68107
1135 5.68418
1136 5.68418
1137 5.61422
1138 5.67215
1139 5.68418
1140 5.68418
1141 5.68418
1142 5.68418
1143 5.68418
1144 5.68418
1145 5.68418
1146 5.68418
1147 5.66635
1148 5.68418
1149 5.68418
1150 5.68418
1151 5.68418
1152 5.68418
1153 5.62789
1154 5.68418
1155 5.68418
1156 5.68418
1157 5.68418
1158 5.68418
1159 5.55235
1160 5.68418
1161 5.61422
1162 5.68418
1163 5.5794
1164 5.62789
1165 5.68418
1166 5.68418
1167 5.68418
1168 5.68418
1169 5.68418
1170 5.68418
1171 5.68418
1172 5.68418
1173 5.68418
1174 5.68418
1175 5.68418
1176 5.68418
1177 5.62887
1178 5.68418
1179 5.66719
1180 5.67215
1181 5.68418
1182 5.68418
1183 5.61422
1184 5.68418
1185 5.61422
1186 5.44948
1187 5.61422
1188 5.61422
1189 5.61422
1190 5.61422
1191 5.61422
1192 5.61422
1193 5.61422
1194 5.61422
1195 5.61422
1196 5.61422
1197 5.60993
1198 5.61422
1199 5.61422
1200 5.61422
1201 5.61422
1202 5.61422
1203 5.61422
1204 5.61422
1205 5.61422
1206 5.61422
1207 5.61422
1208 5.60219
1209 5.61422
1210 5.61422
1211 5.61422
1212 5.61422
1213 5.61422
1214 5.61422
1215 5.61422
1216 5.60219
1217 5.46894
1218 5.61422
1219 5.61422
1220 5.61422
1221 5.60219
1222 5.61422
1223 5.61422
1224 5.61422
1225 5.61422
1226 5.61422
1227 5.61422
1228 5.61422
1229 5.61422
1230 5.61422
1231 5.61422
1232 5.61422
1233 5.61422
1234 5.61422
1235 5.61422
1236 5.61422
1237 5.61422
1238 5.61422
1239 5.61422
1240 5.61422
1241 5.60219
1242 5.61422
1243 5.61422
1244 5.61422
1245 5.61422
1246 5.61422
1247 5.61422
1248 5.61422
1249 5.61422
1250 5.61422
1251 5.61422
1252 5.61422
1253 5.61422
1254 5.61422
1255 5.61422
1256 5.61422
1257 5.58237
1258 5.61422
1259 5.61422
1260 5.61422
1261 5.61422
1262 5.61422
1263 5.61422
1264 5.41059
1265 5.60993
1266 5.55794
1267 5.37952
1268 5.55794
1269 5.37952
1270 5.37952
1271 5.37952
1272 5.37952
1273 5.37952
1274 5.37952
1275 5.37952
1276 5.37952
1277 5.37952
1278 5.37952
1279 5.37952
1280 5.37952
1281 5.37952
1282 5.37952
1283 5.37952
1284 5.37952
1285 5.37952
1286 5.37952
1287 5.37952
1288 5.37952
1289 5.37952
1290 5.37952
1291 5.37952
1292 5.37952
1293 5.37952
1294 5.37952
1295 5.37952
1296 5.37952
1297 5.37952
1298 5.37952
1299 5.37952
1300 5.17589
1301 5.37952
1302 5.37952
1303 5.37952
1304 5.37952
1305 5.37952
1306 5.37952
1307 5.37952
1308 5.37952
1309 5.37952
1310 5.37952
1311 5.37952
1312 5.37952
1313 5.37952
1314 5.37952
1315 5.37952
1316 5.37952
1317 5.37952
1318 5.37952
1319 5.37952
1320 5.37952
1321 5.37952
1322 5.37952
1323 5.37952
1324 5.37952
1325 5.37952
1326 5.37952
1327 5.37952
1328 5.37952
1329 5.37952
1330 5.37952
1331 5.37952
1332 5.37952
1333 5.37952
1334 5.37952
1335 5.37952
1336 5.37952
1337 5.37952
1338 5.37952
1339 5.37952
1340 5.37952
1341 5.37952
1342 5.37952
1343 5.37952
1344 5.37952
1345 5.37952
1346 5.37952
1347 5.37952
1348 5.37952
1349 5.37952
1350 5.37952
1351 5.17589
1352 5.37952
1353 5.37952
1354 5.37952
1355 5.37952
1356 5.37952
1357 5.37952
1358 5.37952
1359 5.37952
1360 5.37952
1361 5.37952
1362 5.37952
1363 5.37952
1364 5.37952
1365 5.37952
1366 5.37952
1367 5.37952
1368 5.37952
1369 5.36253
1370 5.36253
1371 5.37952
1372 5.37952
1373 5.37952
1374 5.37952
1375 5.37952
1376 5.37952
1377 5.37952
1378 5.37952
1379 5.37952
1380 5.37952
1381 5.37952
1382 5.37952
1383 5.37952
1384 5.37952
1385 5.37952
1386 5.17589
1387 5.37952
1388 5.37952
1389 5.37952
1390 5.37952
1391 5.37952
1392 5.37952
1393 5.37952
1394 5.37952
1395 5.37952
1396 5.17589
1397 5.37952
1398 5.37952
1399 5.37952
1400 5.37952
1401 5.37952
1402 5.37952
1403 5.37952
1404 5.37952
1405 5.37952
1406 5.37952
1407 5.37952
1408 5.37952
1409 5.37952
1410 5.37952
1411 5.37952
1412 5.37952
1413 5.37952
1414 5.37952
1415 5.37952
1416 5.37952
1417 5.37952
1418 5.37952
1419 5.37952
1420 5.37952
1421 5.37952
1422 5.37952
1423 5.37952
1424 5.36253
1425 5.37952
1426 5.37952
1427 5.37952
1428 5.37952
1429 5.37952
1430 5.37952
1431 5.37952
1432 5.37952
1433 5.37952
1434 5.37952
1435 5.37952
1436 5.37952
1437 5.37952
1438 5.37952
1439 5.37952
1440 5.37952
1441 5.37952
1442 5.37952
1443 5.37952
1444 5.37952
1445 5.37952
1446 5.37952
1447 5.37952
1448 5.37952
1449 5.37952
1450 5.37952
1451 5.37952
1452 5.37952
1453 5.37952
1454 5.37952
1455 5.37952
1456 5.37952
1457 5.37952
1458 5.37952
1459 5.37952
1460 5.37952
1461 5.37952
1462 5.37952
1463 5.37952
1464 5.37952
1465 5.37952
1466 5.37952
1467 5.37952
1468 5.37952
1469 5.37952
1470 5.37952
1471 5.37952
1472 5.37952
1473 5.37952
1474 5.37952
1475 5.37952
1476 5.37952
1477 5.37952
1478 5.37952
1479 5.36253
1480 5.37952
1481 5.37952
1482 5.37952
1483 5.37952
1484 5.37952
1485 5.37952
1486 5.37952
1487 5.37952
1488 5.37952
1489 5.37952
1490 5.37952
1491 5.37952
1492 5.37952
1493 5.37952
1494 5.37952
1495 5.37952
1496 5.37952
1497 5.37952
1498 5.37952
1499 5.37952
1500 5.37952
1501 5.37952
1502 5.37952
1503 5.37952
1504 5.37952
1505 5.37952
1506 5.37952
1507 5.37952
1508 5.37952
1509 5.37952
1510 5.37952
1511 5.37952
1512 5.37952
1513 5.37952
1514 5.37952
1515 5.37952
1516 5.37952
1517 5.37952
1518 5.37952
1519 5.37952
1520 5.37952
1521 5.37952
1522 5.37952
1523 5.37952
1524 5.37952
1525 5.37952
1526 5.37952
1527 5.37952
1528 5.37952
1529 5.37952
1530 5.37952
1531 5.37952
1532 5.37952
1533 5.37952
1534 5.37952
1535 5.37952
1536 5.37952
1537 5.37952
1538 5.37952
1539 5.37952
1540 5.36772
1541 5.37952
1542 5.37952
1543 5.37952
1544 5.37952
1545 5.37952
1546 5.37952
1547 5.37952
1548 5.37952
1549 5.37952
1550 5.37952
1551 5.37952
1552 5.37952
1553 5.37952
1554 5.37952
1555 5.37952
1556 5.36253
1557 5.37952
1558 5.37952
1559 5.36253
1560 5.37952
1561 5.37952
1562 5.37952
1563 5.37952
1564 5.37952
1565 5.37952
1566 5.37952
1567 5.37952
1568 5.37952
1569 5.37952
1570 5.37952
1571 5.37952
1572 5.37952
1573 5.37952
1574 5.37952
1575 5.37952
1576 5.37952
1577 5.37952
1578 5.37952
1579 5.37952
1580 5.37952
1581 5.37952
1582 5.37952
1583 5.37952
1584 5.37952
1585 5.37952
1586 5.37952
1587 5.37952
1588 5.37952
1589 5.37952
1590 5.37952
1591 5.37952
1592 5.37952
1593 5.37952
1594 5.37952
1595 5.37952
1596 5.37952
1597 5.37952
1598 5.37952
1599 5.37952
1600 5.37952
1601 5.37952
1602 5.37952
1603 5.37952
1604 5.37952
1605 5.37952
1606 5.37952
1607 5.37952
1608 5.37952
1609 5.37952
1610 5.37952
1611 5.37952
1612 5.37952
1613 5.37952
1614 5.37952
1615 5.37952
1616 5.37952
1617 5.37952
1618 5.37952
1619 5.37952
1620 5.37952
1621 5.37952
1622 5.37952
1623 5.37952
1624 5.37952
1625 5.37952
1626 5.37952
1627 5.37952
1628 5.37952
1629 5.37952
1630 5.37952
1631 5.37952
1632 5.37952
1633 5.37952
1634 5.37952
1635 5.37952
1636 5.37952
1637 5.37952
1638 5.37952
1639 5.37952
1640 5.37952
1641 5.37952
1642 5.37952
1643 5.37952
1644 5.37952
1645 5.37952
1646 5.37952
1647 5.37952
1648 5.37952
1649 5.37952
1650 5.37952
1651 5.37952
1652 5.37952
1653 5.37952
1654 5.37952
1655 5.37952
1656 5.37952
1657 5.37952
1658 5.37952
1659 5.37952
1660 5.37952
1661 5.37952
1662 5.37952
1663 5.37952
1664 5.37952
1665 5.37952
1666 5.37952
1667 5.37952
1668 5.37952
1669 5.37952
1670 5.37952
1671 5.37952
1672 5.37952
1673 5.37952
1674 5.37952
1675 5.37952
1676 5.37952
1677 5.37952
1678 5.37952
1679 5.37952
1680 5.37952
1681 5.37952
1682 5.37952
1683 5.37952
1684 5.37952
1685 5.37952
1686 5.37952
1687 5.37952
1688 5.37952
1689 5.37952
1690 5.37952
1691 5.37952
1692 5.37952
1693 5.37952
1694 5.37952
1695 5.37952
1696 5.37952
1697 5.37952
1698 5.37952
1699 5.37952
1700 5.37952
1701 5.37952
1702 5.37952
1703 5.37952
1704 5.37952
1705 5.37952
1706 5.37952
1707 5.36253
1708 5.37952
1709 5.37952
1710 5.37952
1711 5.37952
1712 5.37952
1713 5.37952
1714 5.37952
1715 5.37952
1716 5.37952
1717 5.37952
1718 5.37952
1719 5.37952
1720 5.37952
1721 5.37952
1722 5.37952
1723 5.37952
1724 5.37952
1725 5.37952
1726 5.37952
1727 5.37952
1728 5.37952
1729 5.37952
1730 5.37952
1731 5.37952
1732 5.37952
1733 5.37952
1734 5.37952
1735 5.37952
1736 5.37952
1737 5.37952
1738 5.37952
1739 5.37952
1740 5.37952
1741 5.37952
1742 5.37952
1743 5.37952
1744 5.37952
1745 5.37952
1746 5.37952
1747 5.37952
1748 5.37952
1749 5.37952
1750 5.37952
1751 5.37952
1752 5.37952
1753 5.37952
1754 5.37952
1755 5.37952
1756 5.37952
1757 5.37952
1758 5.37952
1759 5.37952
1760 5.37952
1761 5.37952
1762 5.37952
1763 5.37952
1764 5.37952
1765 5.37952
1766 5.37952
1767 5.37952
1768 5.37952
1769 5.37952
1770 5.37952
1771 5.37952
1772 5.37952
1773 5.37952
1774 5.37952
1775 5.37952
1776 5.37952
1777 5.37952
1778 5.37952
1779 5.37952
1780 5.37952
1781 5.37952
1782 5.37952
1783 5.37952
1784 5.37952
1785 5.37952
1786 5.37952
1787 5.37952
1788 5.37952
1789 5.37952
1790 5.37952
1791 5.37952
1792 5.37952
1793 5.37952
1794 5.37952
1795 5.37952
1796 5.37952
1797 5.37952
1798 5.37952
1799 5.37952
1800 5.36253
1801 5.37952
1802 5.37952
1803 5.37952
1804 5.37952
1805 5.37952
1806 5.37952
1807 5.37952
1808 5.37952
1809 5.37952
1810 5.37952
1811 5.36253
1812 5.37952
1813 5.37952
1814 5.37952
1815 5.37952
1816 5.37952
1817 5.37952
1818 5.37952
1819 5.37952
1820 5.37952
1821 5.37952
1822 5.37952
1823 5.37952
1824 5.37952
1825 5.37952
1826 5.37952
1827 5.37952
1828 5.37952
1829 5.37952
1830 5.37952
1831 5.37952
1832 5.37952
1833 5.37952
1834 5.37952
1835 5.37952
1836 5.37952
1837 5.37952
1838 5.37952
1839 5.37952
1840 5.37952
1841 5.37952
1842 5.37952
1843 5.37952
1844 5.37952
1845 5.37952
1846 5.37952
1847 5.37952
1848 5.37952
1849 5.37952
1850 5.37952
1851 5.37952
1852 5.37952
1853 5.37952
1854 5.37952
1855 5.37952
1856 5.37952
1857 5.37952
1858 5.37952
1859 5.37952
1860 5.37952
1861 5.37952
1862 5.37952
1863 5.37952
1864 5.37952
1865 5.37952
1866 5.37952
1867 5.37952
1868 5.37952
1869 5.37952
1870 5.37952
1871 5.37952
1872 5.37952
1873 5.37952
1874 5.37952
1875 5.37952
1876 5.37952
1877 5.37952
1878 5.33267
1879 5.37952
1880 5.37952
1881 5.37952
1882 5.37952
1883 5.37952
1884 5.37952
1885 5.37952
1886 5.37952
1887 5.37952
1888 5.37952
1889 5.37952
1890 5.37952
1891 5.37952
1892 5.37952
1893 5.37952
1894 5.37952
1895 5.37952
1896 5.37952
1897 5.37952
1898 5.37952
1899 5.37952
1900 5.37952
1901 5.37952
1902 5.37952
1903 5.37952
1904 5.37952
1905 5.37952
1906 5.37952
1907 5.37952
1908 5.37952
1909 5.37952
1910 5.37952
1911 5.37952
1912 5.37952
1913 5.37952
1914 5.37952
1915 5.37952
1916 5.37952
1917 5.37952
1918 5.37952
1919 5.37952
1920 5.37952
1921 5.37952
1922 5.37952
1923 5.37952
1924 5.37952
1925 5.37952
1926 5.37952
1927 5.37952
1928 5.37952
1929 5.37952
1930 5.37952
1931 5.37952
1932 5.37952
1933 5.37952
1934 5.37952
1935 5.37952
1936 5.37952
1937 5.37952
1938 5.37952
1939 5.37952
1940 5.37952
1941 5.37952
1942 5.37952
1943 5.37952
1944 5.37952
1945 5.37952
1946 5.36253
1947 5.37952
1948 5.37952
1949 5.37952
1950 5.37952
1951 5.37952
1952 5.37952
1953 5.37952
1954 5.37952
1955 5.37952
1956 5.37952
1957 5.37952
1958 5.37952
1959 5.37952
1960 5.37952
1961 5.37952
1962 5.37952
1963 5.37952
1964 5.37952
1965 5.37952
1966 5.37952
1967 5.37952
1968 5.37952
1969 5.37952
1970 5.37952
1971 5.37952
1972 5.37952
1973 5.37952
1974 5.37952
1975 5.37952
1976 5.37952
1977 5.37952
1978 5.37952
1979 5.37952
1980 5.37952
1981 5.37952
1982 5.37952
1983 5.37952
1984 5.37952
1985 5.37952
1986 5.37952
1987 5.37952
1988 5.37952
1989 5.37952
1990 5.37952
1991 5.37952
1992 5.37952
1993 5.37952
1994 5.37952
1995 5.37952
1996 5.37952
1997 5.37952
1998 5.37952
1999 5.37952
