0.181066   0.0373429   -0.392122
0.369946   -0.0441501   -0.415186
0.319777   -0.469008   -0.0662721
0.38503   0.291358   -0.114705
0.488865   0.282615   -0.315786
0.266803   0.234573   -0.357716
-0.205113   -0.458227   0.352761
-0.490799   -0.409348   0.439379
-0.0499306   -0.45153   -0.486536
-0.137537   0.462192   -0.275231
-0.369422   -0.170672   -0.258895
-0.0623212   -0.472298   -0.0856432
0.392604   0.285721   0.0898375
-0.067984   -0.259417   0.43111
-0.342831   0.293344   -0.0767602
0.389474   0.185955   0.495005
-0.138449   0.0724453   -0.203866
0.130809   -0.0683521   0.413135
-0.0390314   -0.119935   0.261304
0.493464   -0.0657737   -0.0452058
0.191175   0.274744   0.0521853
-0.314871   0.395083   0.273976
0.324275   0.126567   -0.0051918
0.062871   0.132401   -0.251376
-0.107965   0.120509   0.181642
0.394268   0.460055   -0.327071
0.0821141   -0.248028   -0.426053
-0.359491   0.412965   -0.33673
0.292509   -0.212738   0.343163
0.113679   0.181092   0.254368
-0.0538184   0.264364   -0.471071
0.0185638   -0.415493   -0.318103
-0.429399   -0.165442   0.115174
0.0948743   -0.309921   0.208707
-0.41671   0.213395   0.105293
-0.490452   0.204653   0.310202
-0.370019   -0.428995   0.201658
0.403545   -0.115079   -0.240896
-0.291047   0.105485   -0.020826
0.382306   -0.256857   -0.456864
-0.00394989   -0.0359434   -0.103013
0.23617   -0.392849   -0.39075
0.0130971   0.0975705   0.447576
-0.273714   0.402888   0.494998
-0.271555   0.225487   -0.263294
-0.251409   0.480779   -0.0937249
-0.397462   0.414307   0.078742
0.407756   0.0916032   -0.19845
0.0808286   0.422258   0.471389
-0.317403   -0.148874   -0.0513697
0.239532   -0.11869   0.0681674
-0.318235   -0.233503   0.34218
-0.477612   0.447969   -0.139171
-0.179601   -0.319481   -0.139382
-0.274306   0.189592   0.333318
-0.18071   0.484883   0.156744
0.139155   -0.357225   0.400864
-0.195644   0.28328   0.116251
0.0128682   -0.224889   -0.145015
0.131414   -0.341114   0.0134073
-0.47645   0.0377974   0.143339
0.131672   0.444282   -0.0422172
0.222754   0.477494   0.130155
0.0454395   0.331143   -0.31309
-0.145019   -0.0248409   0.0487142
0.31283   0.0307102   0.377115
-0.109604   -0.328799   0.231271
-0.465075   0.0860679   -0.400726
-0.0375692   -0.206481   0.0474601
0.311515   -0.251661   -0.0618215
-0.203849   0.0875308   -0.440704
-0.472335   -0.378306   -0.354362
-0.224145   -0.213043   0.134169
0.279963   0.335283   0.28925
0.496034   0.366248   0.456781
-0.385549   -0.35753   -0.167279
0.32418   -0.440579   0.303717
0.164043   -0.382071   -0.203849
0.367437   -0.352675   -0.236208
0.176601   -0.17469   -0.267413
0.0319234   -0.488712   0.296409
0.0459703   0.0173388   0.130783
0.235589   0.431467   -0.232654
0.281976   0.413541   0.492964
-0.0208498   0.00220403   -0.36091
0.494709   -0.353409   0.0221512
-0.396499   0.0752462   -0.185384
-0.141792   -0.133599   -0.215633
-0.317089   -0.0402013   0.22852
0.212034   -0.00134004   -0.181933
-0.206314   -0.128144   -0.434542
0.302135   -0.318425   0.142775
-0.037422   0.277849   0.318343
-0.437238   -0.139734   0.476635
0.177851   0.217855   0.455711
-0.147555   -0.0177777   0.383135
-0.313748   -0.35953   0.0154978
-0.496036   -0.291291   0.287873
-0.0103905   0.151309   -0.0121676
-0.201241   -0.346969   -0.389128
-0.36829   0.226887   -0.493117
-0.42214   0.0384609   0.383731
0.443119   0.467774   0.180237
-0.108129   0.326867   -0.0964693
0.189816   0.247564   -0.158323
0.406126   -0.102386   0.215741
-0.0151698   0.360593   0.0982275
0.327713   0.129841   0.193208
