0.180931   0.0372453   -0.392108
0.369909   -0.0441565   -0.415228
0.319798   -0.468952   -0.066231
0.384949   0.291317   -0.114713
0.489003   0.282524   -0.315738
0.266856   0.234551   -0.357636
-0.20501   -0.458198   0.352713
-0.490799   -0.409303   0.439309
-0.0498603   -0.451499   -0.48659
-0.137418   0.462255   -0.275344
-0.369459   -0.170843   -0.258917
-0.062318   -0.472159   -0.0858103
0.392579   0.285801   0.089905
-0.0680113   -0.259476   0.431099
-0.342692   0.293328   -0.0767048
0.389479   0.185976   0.494934
-0.138617   0.072371   -0.203714
0.130717   -0.0684012   0.413234
-0.0388771   -0.120019   0.261234
0.493484   -0.0659189   -0.0452541
0.191278   0.274976   0.0523196
-0.31476   0.395129   0.273972
0.32414   0.126535   -0.00531388
0.0629707   0.132579   -0.251497
-0.107918   0.120574   0.181728
0.394269   0.460125   -0.326786
0.0820512   -0.247991   -0.426115
-0.359599   0.412965   -0.336758
0.292562   -0.212917   0.343303
0.113734   0.181087   0.254392
-0.0538871   0.264547   -0.470778
0.0184097   -0.41543   -0.317948
-0.429442   -0.165549   0.115171
0.0949936   -0.310137   0.208589
-0.41667   0.213366   0.105292
-0.490487   0.204593   0.310299
-0.369774   -0.429116   0.20142
0.403325   -0.115084   -0.240821
-0.291247   0.105434   -0.0209288
0.382255   -0.256818   -0.45704
-0.0038959   -0.0359211   -0.102991
0.236323   -0.392921   -0.390722
0.0132685   0.0975776   0.447553
-0.2737   0.402983   0.49488
-0.271637   0.225488   -0.263172
-0.251471   0.480895   -0.0935565
-0.397473   0.414259   0.0786254
0.407712   0.0915785   -0.198316
0.0807167   0.422348   0.471397
-0.317254   -0.149037   -0.0512769
0.239467   -0.118821   0.0683414
-0.318249   -0.233634   0.342121
-0.47771   0.447776   -0.13908
-0.179549   -0.319429   -0.139428
-0.274184   0.189623   0.3335
-0.180605   0.48501   0.156614
0.139013   -0.357323   0.400964
-0.195791   0.283139   0.116065
0.012895   -0.224904   -0.145081
0.131153   -0.340975   0.0134685
-0.476276   0.0375481   0.143582
0.13159   0.444339   -0.0421679
0.222796   0.477484   0.130101
0.0454902   0.331071   -0.313119
-0.145006   -0.0248814   0.0486172
0.312729   0.0308899   0.377129
-0.109453   -0.328719   0.231288
-0.465035   0.0861377   -0.400723
-0.0374465   -0.206475   0.0473002
0.311476   -0.251758   -0.0620154
-0.203977   0.0875152   -0.440608
-0.472346   -0.378421   -0.354437
-0.224304   -0.213026   0.134143
0.280098   0.335228   0.289166
0.495869   0.366484   0.456865
-0.385447   -0.357522   -0.16724
0.324371   -0.440514   0.303641
0.163934   -0.382191   -0.203919
0.367396   -0.352588   -0.236226
0.176772   -0.174575   -0.267403
0.0317322   -0.488749   0.296289
0.0462581   0.0173324   0.130817
0.235546   0.431375   -0.232656
0.28179   0.413529   0.492806
-0.0208948   0.00234253   -0.360792
0.494671   -0.353194   0.0220995
-0.396417   0.075301   -0.185395
-0.141681   -0.133697   -0.215517
-0.316903   -0.0402148   0.228485
0.211967   -0.00127265   -0.181998
-0.206136   -0.128212   -0.434574
0.301943   -0.31831   0.142832
-0.0374624   0.277831   0.318256
-0.437281   -0.139601   0.476544
0.177736   0.218004   0.455771
-0.147387   -0.0178207   0.383017
-0.313785   -0.359466   0.0155061
-0.496083   -0.291498   0.28799
-0.0105891   0.151371   -0.0122177
-0.201163   -0.347033   -0.389128
-0.368363   0.226884   -0.493125
-0.42215   0.0385506   0.383693
0.443222   0.467773   0.180235
-0.108059   0.327042   -0.0963918
0.18981   0.247575   -0.158343
0.406057   -0.102404   0.215639
-0.0151539   0.360465   0.0982943
0.327637   0.129845   0.193281
