-0.242409   0.229743   -0.401824
0.34499   -0.185093   0.246806
0.384449   -0.182157   0.158798
0.272292   0.163244   -0.387018
0.0272653   0.403011   0.288956
0.476657   0.120234   0.437573
0.276578   0.307673   0.18067
0.24248   0.390373   0.472331
-0.0272357   -0.431295   -0.186838
-0.368473   -0.478828   -0.310626
0.0522092   -0.124418   0.46607
0.328654   0.165689   -0.20558
0.116244   -0.0051938   0.270371
0.287   0.0201263   0.394285
0.186986   0.0430997   -0.432373
-0.333904   -0.3918   -0.327324
-0.497137   -0.185671   -0.141454
0.363038   -0.118872   -0.434834
-0.3231   -0.183334   0.184364
-0.144647   0.329563   -0.390123
0.0834027   0.0829105   -0.463042
-0.181948   0.318834   0.0868365
0.039003   0.185454   0.335979
0.474263   -0.286137   -0.302631
0.287944   0.160343   0.252079
0.109648   -0.455009   -0.229482
-0.284251   -0.094221   -0.428839
-0.240729   0.156341   -0.273019
0.0774657   -0.225795   0.365826
-0.0250632   -0.0333752   -0.48687
0.366843   0.246588   0.455089
0.107883   -0.389802   -0.429634
-0.194757   -0.204836   -0.107146
-0.151126   -0.0908628   0.267958
0.210579   0.409769   0.399094
0.37525   0.307866   0.385326
-0.163291   -0.0952996   0.000179081
0.494145   0.0607009   0.186905
0.24603   0.00970365   0.462113
-0.472379   -0.416626   -0.436592
-0.498484   0.253753   0.459459
-0.3403   -0.373037   -0.170446
-0.292878   0.457071   -0.346941
-0.108043   -0.000706531   0.221321
0.489209   0.477258   -0.365029
0.114387   -0.281836   -0.17047
-0.200932   -0.378082   -0.369761
0.0250951   -0.497506   0.417736
-0.404127   0.0010181   0.177182
0.0413986   0.169419   -0.236445
-0.375196   0.289344   -0.0595221
-0.245593   0.435447   0.395766
0.479245   0.192299   0.405168
0.446247   -0.0932749   0.400409
0.389921   -0.131049   -0.36029
0.294613   -0.336862   -0.0798081
-0.0571977   -0.344682   -0.409377
-0.263635   0.1568   0.17495
0.479894   -0.0852924   -0.315937
-0.352495   -0.019232   -0.415855
0.382342   -0.385554   -0.354182
-0.406239   0.22225   0.311506
-0.400911   0.036217   0.42621
0.329892   0.0793552   0.304892
0.433899   0.104382   0.205766
0.309353   -0.206967   0.373899
-0.287419   -0.280173   0.0229909
0.436495   0.218647   -0.186819
-0.432262   -0.350913   -0.408928
0.175256   -0.315917   -0.420813
0.368349   -0.0244124   -0.381977
0.35908   -0.23586   0.10287
0.275027   0.285335   -0.00763816
-0.457719   0.265687   -0.276772
-0.0756278   -0.472971   0.34037
0.384395   0.399689   -0.081111
0.411009   0.347644   -0.464006
0.0967408   0.23333   -0.40622
-0.0802557   0.435584   -0.157826
-0.00690952   0.0173477   0.308421
0.325263   -0.32602   -0.25095
0.275246   -0.227525   0.0492782
-0.0293432   0.455617   -0.031536
-0.124162   -0.297566   0.278681
-0.208111   0.124581   -0.342995
0.324586   -0.0515667   0.477761
-0.363252   -0.359981   0.0585223
-0.319299   0.358785   -0.0105225
-0.107285   -0.0939852   0.38221
0.0435645   -0.315195   0.402601
0.0135308   -0.198839   0.430664
-0.280817   -0.0920809   0.200372
0.31782   0.224427   -0.362607
0.146581   0.204749   -0.475534
-0.284938   0.0613045   -0.0584777
0.362377   -0.131052   0.316188
-0.0642595   0.467004   0.253986
-0.290082   -0.167294   -0.356217
0.337852   -0.0864197   0.114465
0.182584   0.076985   0.353846
0.256574   -0.358972   0.108882
0.482864   0.0345719   -0.213468
-0.301035   0.0607809   -0.306283
-0.420359   0.419797   -0.307477
0.217835   -0.396148   -0.0287016
-0.350207   0.127657   -0.05024
0.247606   -0.229367   0.439123
0.467298   -0.44228   -0.00423294
