-0.242379   0.229746   -0.401869
0.344934   -0.185091   0.246809
0.384397   -0.182189   0.158778
0.272261   0.163269   -0.387013
0.0272458   0.403006   0.288959
0.476699   0.120147   0.437547
0.276604   0.307667   0.180576
0.242437   0.390282   0.472276
-0.0271614   -0.431282   -0.186795
-0.368548   -0.478789   -0.310589
0.0522358   -0.124402   0.466106
0.328666   0.16566   -0.205622
0.116269   -0.00514791   0.27036
0.287   0.0201581   0.394289
0.186995   0.0431176   -0.432332
-0.333926   -0.391815   -0.327262
-0.497105   -0.185655   -0.141425
0.363004   -0.118902   -0.43478
-0.323052   -0.183293   0.184426
-0.14467   0.32954   -0.390165
0.0834227   0.0829159   -0.463105
-0.181947   0.318825   0.0868305
0.0389826   0.18548   0.336009
0.474294   -0.286234   -0.30257
0.287945   0.16033   0.252057
0.109731   -0.455075   -0.229493
-0.284278   -0.0942206   -0.42882
-0.240757   0.156345   -0.272991
0.0774106   -0.225763   0.3658
-0.0250213   -0.0333775   -0.486822
0.366818   0.246555   0.455065
0.107867   -0.389761   -0.429575
-0.194775   -0.204952   -0.107142
-0.151143   -0.0909003   0.267966
0.210556   0.409848   0.399058
0.375195   0.307851   0.385346
-0.163308   -0.0952983   0.00015887
0.494121   0.0606895   0.186997
0.246116   0.00970619   0.462083
-0.472408   -0.416628   -0.436644
-0.498437   0.253789   0.459468
-0.34035   -0.373017   -0.170501
-0.292903   0.457079   -0.346958
-0.108059   -0.000698634   0.221376
0.489279   0.477196   -0.365072
0.114413   -0.281785   -0.170528
-0.200908   -0.378059   -0.369787
0.0250478   -0.497458   0.417767
-0.404179   0.000953298   0.177188
0.0414085   0.169398   -0.236419
-0.375255   0.289334   -0.0595574
-0.245513   0.435426   0.395777
0.479317   0.192336   0.405153
0.446309   -0.0932502   0.400416
0.389983   -0.131094   -0.360304
0.294653   -0.336896   -0.0798626
-0.0571836   -0.344665   -0.409382
-0.263604   0.156729   0.174988
0.479921   -0.0853375   -0.315908
-0.352492   -0.0191589   -0.415825
0.382427   -0.385508   -0.354206
-0.406253   0.222245   0.311482
-0.400889   0.0362598   0.426246
0.329913   0.0793563   0.304848
0.433874   0.104423   0.205833
0.309447   -0.206959   0.373948
-0.287384   -0.280188   0.0230057
0.436421   0.21871   -0.18678
-0.432142   -0.35086   -0.408907
0.175214   -0.315863   -0.420817
0.368333   -0.0243552   -0.382012
0.358996   -0.235884   0.102849
0.275072   0.285272   -0.0076414
-0.457739   0.265685   -0.276844
-0.075659   -0.473006   0.340293
0.384429   0.399684   -0.0811514
0.410965   0.347622   -0.463984
0.096734   0.233412   -0.406242
-0.0801584   0.435543   -0.157868
-0.00691486   0.0173367   0.30846
0.325279   -0.326019   -0.250955
0.275232   -0.227438   0.0492992
-0.0293303   0.455605   -0.0315145
-0.124187   -0.297536   0.278671
-0.20817   0.124595   -0.343075
0.324575   -0.0515688   0.477714
-0.363287   -0.359954   0.058542
-0.319355   0.358809   -0.0105067
-0.107225   -0.0939769   0.382211
0.0435305   -0.315181   0.40261
0.0135125   -0.198867   0.430653
-0.280886   -0.0920915   0.200395
0.317817   0.224446   -0.36262
0.146626   0.20484   -0.475503
-0.284887   0.0612863   -0.0584763
0.362361   -0.131029   0.31625
-0.0642387   0.467015   0.253977
-0.290062   -0.167303   -0.356277
0.337876   -0.0864688   0.114495
0.182468   0.0769619   0.353851
0.25657   -0.358974   0.108907
0.482796   0.0345845   -0.213402
-0.301031   0.0607647   -0.306286
-0.420344   0.419789   -0.307492
0.217814   -0.396144   -0.0287768
-0.350239   0.127594   -0.0502209
0.247643   -0.229319   0.439142
0.467179   -0.442369   -0.00420689
