0 16.4026
1 15.7312
2 15.201
3 14.4428
4 13.9485
5 13.8825
6 13.1272
7 12.6862
8 12.1531
9 12.2202
10 11.4985
11 11.2059
12 11.0158
13 11.4521
14 11.3933
15 11.2093
16 11.0629
17 10.7502
18 10.7398
19 10.2229
20 10.4795
21 10.3207
22 10.1298
23 9.70944
24 9.68781
25 9.64463
26 9.06935
27 9.33
28 9.17998
29 8.78856
30 8.68826
31 8.65089
32 8.38645
33 8.13091
34 8.13091
35 7.74194
36 7.78177
37 7.2572
38 7.23279
39 7.04246
40 7.03559
41 7.19358
42 6.9841
43 6.9841
44 6.98076
45 6.9841
46 6.86802
47 6.79107
48 6.84975
49 6.75464
50 6.81211
51 6.80262
52 6.79515
53 6.62957
54 6.63054
55 6.59185
56 6.63282
57 6.50168
58 6.56089
59 6.56089
60 6.39675
61 6.41005
62 6.42654
63 6.42654
64 6.42654
65 6.42654
66 6.27255
67 6.38505
68 6.38556
69 6.37276
70 6.35322
71 6.38556
72 6.03846
73 6.19743
74 6.28477
75 6.23472
76 6.18543
77 6.28477
78 6.26463
79 6.21604
80 6.28477
81 6.28477
82 6.28477
83 6.28477
84 6.00174
85 6.27867
86 6.27867
87 6.25853
88 6.0487
89 6.13393
90 6.15242
91 6.15242
92 6.12783
93 6.15242
94 5.92841
95 6.13725
96 6.12432
97 5.92151
98 5.90266
99 5.82827
100 5.7841
101 5.76279
102 5.69689
103 5.7841
104 5.74728
105 5.82168
106 5.82168
107 5.81195
108 5.64446
109 5.82168
110 5.59767
111 5.82168
112 5.82168
113 5.82168
114 5.82168
115 5.58054
116 5.82168
117 5.82168
118 5.82168
119 5.64446
120 5.82168
121 5.82168
122 5.41841
123 5.57537
124 5.59767
125 5.47911
126 5.47911
127 5.59767
128 5.59767
129 5.59767
130 5.59767
131 5.59767
132 5.59767
133 5.56815
134 5.42045
135 5.35136
136 5.53968
137 5.5188
138 5.1944
139 5.53968
140 5.52327
141 5.53968
142 5.53968
143 5.53968
144 5.53968
145 5.53968
146 5.53968
147 5.53968
148 5.53968
149 5.53968
150 5.53968
151 5.53968
152 5.53968
153 5.42112
154 5.53968
155 5.51016
156 5.53968
157 5.53968
158 5.53968
159 5.42112
160 5.51492
161 5.53968
162 5.53968
163 5.53968
164 5.53968
165 5.53968
166 5.53968
167 5.53968
168 5.53968
169 5.53968
170 5.46379
171 5.53968
172 5.53968
173 5.53968
174 5.13641
175 5.42112
176 5.42112
177 5.42112
178 5.42112
179 5.21883
180 5.17789
181 5.10027
182 5.10148
183 5.10148
184 5.10148
185 5.08945
186 5.10148
187 5.10148
188 5.10148
189 5.04906
190 5.10148
191 4.9479
192 5.10148
193 5.10148
194 5.10148
195 5.10148
196 5.10148
197 5.10148
198 5.08945
199 5.10148
200 5.10148
201 5.05771
202 5.10148
203 5.10148
204 5.10148
205 5.04534
206 4.9479
207 5.10148
208 5.10148
209 5.10148
210 5.10148
211 5.10148
212 4.9479
213 5.0997
214 5.0997
215 5.0997
216 5.0997
217 5.0997
218 5.0997
219 5.0997
220 5.0997
221 5.0997
222 5.0997
223 5.0997
224 5.0997
225 5.0997
226 5.0997
227 5.04173
228 5.0997
229 5.04534
230 5.0997
231 5.0997
232 5.0997
233 5.0997
234 5.0997
235 5.0997
236 5.0997
237 5.08767
238 5.0997
239 5.0997
240 5.0997
241 5.07096
242 5.0997
243 5.0997
244 5.0997
245 5.0997
246 5.0997
247 5.0997
248 5.0997
249 5.0997
250 5.0997
251 5.08325
252 5.0997
253 5.0997
254 5.0997
255 5.0997
256 5.08767
257 5.0997
258 5.0997
259 5.0997
260 5.0997
261 5.08325
262 5.04173
263 5.0997
264 5.0997
265 5.0997
266 5.04173
267 5.08325
268 5.04173
269 5.08325
270 5.01785
271 5.04173
272 5.01785
273 5.08325
274 5.04173
275 5.04173
276 5.05644
277 5.05644
278 5.05644
279 5.01492
280 5.05644
281 5.02721
282 5.02762
283 5.05644
284 5.05644
285 5.05644
286 5.05644
287 5.05644
288 5.02721
289 4.98912
290 5.05644
291 5.05644
292 4.98912
293 4.98912
294 4.98912
295 4.98912
296 4.98912
297 4.98912
298 4.98912
299 4.98912
300 4.98912
301 4.98912
302 4.98912
303 4.98912
304 4.98912
305 4.98912
306 4.98912
307 4.98912
308 4.98912
309 4.98912
310 4.98912
311 4.98912
312 4.9479
313 4.98912
314 4.98912
315 4.98912
316 4.98912
317 4.98912
318 4.98912
319 4.98912
320 4.98912
321 4.98912
322 4.9479
323 4.98912
324 4.98912
325 4.98912
326 4.98912
327 4.98912
328 4.98912
329 4.98912
330 4.98912
331 4.98912
332 4.98912
333 4.98912
334 4.98912
335 4.98912
336 4.98912
337 4.98912
338 4.98912
339 4.98912
340 4.98912
341 4.98912
342 4.98912
343 4.9479
344 4.9737
345 4.98912
346 4.98912
347 4.98912
348 4.98912
349 4.98912
350 4.98912
351 4.98912
352 4.95054
353 4.98912
354 4.9737
355 4.98912
356 4.98912
357 4.98912
358 4.98912
359 4.98912
360 4.98912
361 4.98912
362 4.98912
363 4.98912
364 4.98912
365 4.98912
366 4.98912
367 4.98912
368 4.98912
369 4.98912
370 4.98912
371 4.98912
372 4.98912
373 4.98912
374 4.9479
375 4.9737
376 4.9737
377 4.9737
378 4.9737
379 4.9737
380 4.9737
381 4.9479
382 4.9737
383 4.9737
384 4.9737
385 4.9737
386 4.9737
387 4.9737
388 4.9737
389 4.9737
390 4.9737
391 4.9737
392 4.9479
393 4.9737
394 4.9737
395 4.9737
396 4.9737
397 4.9737
398 4.9737
399 4.9737
400 4.9737
401 4.9737
402 4.9737
403 4.9737
404 4.9737
405 4.9479
406 4.9737
407 4.9737
408 4.9737
409 4.9737
410 4.9737
411 4.9737
412 4.9737
413 4.9737
414 4.9737
415 4.9737
416 4.9737
417 4.9479
418 4.9737
419 4.9737
420 4.9737
421 4.9737
422 4.9737
423 4.9737
424 4.9737
425 4.9737
426 4.9737
427 4.9737
428 4.9737
429 4.9737
430 4.9737
431 4.9479
432 4.9479
433 4.9479
434 4.9479
435 4.9479
436 4.9479
437 4.9479
438 4.9479
439 4.9479
440 4.9479
441 4.9479
442 4.9479
443 4.9479
444 4.9479
445 4.9479
446 4.9479
447 4.9479
448 4.9479
449 4.9479
450 4.9479
451 4.9479
452 4.9479
453 4.9479
454 4.9479
455 4.9479
456 4.9479
457 4.9479
458 4.9479
459 4.9479
460 4.9479
461 4.9479
462 4.9479
463 4.9479
464 4.9479
465 4.9479
466 4.9479
467 4.9479
468 4.9479
469 4.9479
470 4.9479
471 4.9479
472 4.9479
473 4.9479
474 4.9479
475 4.9479
476 4.9479
477 4.9479
478 4.9479
479 4.9479
480 4.9479
481 4.9479
482 4.9479
483 4.9479
484 4.9479
485 4.9479
486 4.9479
487 4.9479
488 4.9479
489 4.9479
490 4.9479
491 4.9479
492 4.9479
493 4.9479
494 4.9479
495 4.9479
496 4.9479
497 4.9479
498 4.9479
499 4.9479
500 4.9479
501 4.9479
502 4.9479
503 4.9479
504 4.9479
505 4.9479
506 4.9479
507 4.9479
508 4.9479
509 4.9479
510 4.9479
511 4.9479
512 4.9479
513 4.9479
514 4.9479
515 4.9479
516 4.9479
517 4.9479
518 4.9479
519 4.9479
520 4.9479
521 4.9479
522 4.9479
523 4.9479
524 4.9479
525 4.9479
526 4.9479
527 4.9479
528 4.9479
529 4.9479
530 4.9479
531 4.9479
532 4.9479
533 4.9479
534 4.9479
535 4.9479
536 4.9479
537 4.9479
538 4.9479
539 4.9479
540 4.9479
541 4.9479
542 4.9479
543 4.9479
544 4.9479
545 4.9479
546 4.9479
547 4.9479
548 4.9479
549 4.9479
550 4.9479
551 4.9479
552 4.9479
553 4.9479
554 4.9479
555 4.9479
556 4.9479
557 4.9479
558 4.9479
559 4.9479
560 4.9479
561 4.9479
562 4.9479
563 4.9479
564 4.9479
565 4.9479
566 4.9479
567 4.9479
568 4.9479
569 4.9479
570 4.9479
571 4.9479
572 4.9479
573 4.9479
574 4.9479
575 4.9479
576 4.9479
577 4.9479
578 4.9479
579 4.9479
580 4.9479
581 4.9479
582 4.9479
583 4.9479
584 4.9479
585 4.9479
586 4.9479
587 4.9479
588 4.9479
589 4.9479
590 4.9479
591 4.9479
592 4.9479
593 4.9479
594 4.9479
595 4.9479
596 4.9479
597 4.9479
598 4.9479
599 4.9479
600 4.9479
601 4.9479
602 4.9479
603 4.9479
604 4.9479
605 4.9479
606 4.9479
607 4.9479
608 4.9479
609 4.9479
610 4.9479
611 4.9479
612 4.9479
613 4.9479
614 4.9479
615 4.9479
616 4.9479
617 4.9479
618 4.9479
619 4.9479
620 4.9479
621 4.9479
622 4.9479
623 4.9479
624 4.9479
625 4.9479
626 4.9479
627 4.9479
628 4.9479
629 4.9479
630 4.9479
631 4.9479
632 4.9479
633 4.9479
634 4.9479
635 4.9479
636 4.9479
637 4.9479
638 4.9479
639 4.9479
640 4.9479
641 4.9479
642 4.9479
643 4.9479
644 4.9479
645 4.9479
646 4.9479
647 4.9479
648 4.9479
649 4.9479
650 4.9479
651 4.9479
652 4.9479
653 4.9479
654 4.9479
655 4.9479
656 4.9479
657 4.9479
658 4.9479
659 4.9479
660 4.9479
661 4.9479
662 4.9479
663 4.9479
664 4.9479
665 4.9479
666 4.9479
667 4.9479
668 4.9479
669 4.9479
670 4.9479
671 4.9479
672 4.9479
673 4.9479
674 4.9479
675 4.9479
676 4.9479
677 4.9479
678 4.9479
679 4.9479
680 4.9479
681 4.9479
682 4.9479
683 4.9479
684 4.9479
685 4.9479
686 4.9479
687 4.9479
688 4.9479
689 4.9479
690 4.9479
691 4.9479
692 4.9479
693 4.9479
694 4.9479
695 4.9479
696 4.9479
697 4.9479
698 4.9479
699 4.9479
700 4.9479
701 4.9479
702 4.9479
703 4.9479
704 4.9479
705 4.9479
706 4.9479
707 4.9479
708 4.9479
709 4.9479
710 4.9479
711 4.9479
712 4.9479
713 4.9479
714 4.9479
715 4.9479
716 4.9479
717 4.9479
718 4.9479
719 4.9479
720 4.9479
721 4.9479
722 4.9479
723 4.9479
724 4.9479
725 4.9479
726 4.9479
727 4.9479
728 4.9479
729 4.9479
730 4.9479
731 4.9479
732 4.9479
733 4.9479
734 4.9479
735 4.9479
736 4.9479
737 4.9479
738 4.9479
739 4.9479
740 4.9479
741 4.9479
742 4.9479
743 4.9479
744 4.9479
745 4.9479
746 4.9479
747 4.9479
748 4.94316
749 4.9479
750 4.9479
751 4.9479
752 4.9479
753 4.9479
754 4.9479
755 4.9479
756 4.9479
757 4.9479
758 4.9479
759 4.9479
760 4.9479
761 4.9479
762 4.9479
763 4.9479
764 4.9479
765 4.94316
766 4.9479
767 4.9479
768 4.9479
769 4.9479
770 4.9479
771 4.9479
772 4.9479
773 4.9479
774 4.9479
775 4.9479
776 4.9479
777 4.9479
778 4.9479
779 4.9479
780 4.9479
781 4.9479
782 4.9479
783 4.9479
784 4.9479
785 4.9479
786 4.9479
787 4.9479
788 4.9479
789 4.9479
790 4.9479
791 4.9479
792 4.9479
793 4.9479
794 4.9479
795 4.9479
796 4.9479
797 4.9479
798 4.9479
799 4.9479
800 4.9479
801 4.9479
802 4.9479
803 4.9479
804 4.9479
805 4.9479
806 4.9479
807 4.9479
808 4.9479
809 4.9479
810 4.9479
811 4.9479
812 4.9479
813 4.9479
814 4.9479
815 4.9479
816 4.9479
817 4.9479
818 4.9479
819 4.9479
820 4.9479
821 4.9479
822 4.9479
823 4.9479
824 4.9479
825 4.9479
826 4.9479
827 4.9479
828 4.9479
829 4.9479
830 4.9479
831 4.9479
832 4.9479
833 4.9479
834 4.9479
835 4.9479
836 4.9479
837 4.9479
838 4.9479
839 4.9479
840 4.9479
841 4.9479
842 4.9479
843 4.9479
844 4.9479
845 4.9479
846 4.9479
847 4.9479
848 4.9479
849 4.9479
850 4.9479
851 4.9479
852 4.9479
853 4.9479
854 4.9479
855 4.9479
856 4.9479
857 4.9479
858 4.9479
859 4.9479
860 4.9479
861 4.9479
862 4.9479
863 4.9479
864 4.9479
865 4.9479
866 4.9479
867 4.9479
868 4.9479
869 4.9479
870 4.9479
871 4.9479
872 4.9479
873 4.9479
874 4.9479
875 4.9479
876 4.9479
877 4.9479
878 4.9479
879 4.9479
880 4.9479
881 4.9479
882 4.9479
883 4.9479
884 4.9479
885 4.9479
886 4.9479
887 4.9479
888 4.9479
889 4.9479
890 4.9479
891 4.9479
892 4.9479
893 4.9479
894 4.9479
895 4.9479
896 4.9479
897 4.9479
898 4.9479
899 4.9479
900 4.9479
901 4.9479
902 4.9479
903 4.9479
904 4.9479
905 4.9479
906 4.9479
907 4.9479
908 4.9479
909 4.9479
910 4.9479
911 4.9479
912 4.9479
913 4.9479
914 4.9479
915 4.9479
916 4.9479
917 4.9479
918 4.9479
919 4.9479
920 4.9479
921 4.9479
922 4.9479
923 4.9479
924 4.9479
925 4.9479
926 4.9479
927 4.9479
928 4.9479
929 4.9479
930 4.9479
931 4.9479
932 4.9479
933 4.9479
934 4.9479
935 4.9479
936 4.9479
937 4.9479
938 4.9479
939 4.9479
940 4.9479
941 4.9479
942 4.9479
943 4.9479
944 4.9479
945 4.9479
946 4.9479
947 4.9479
948 4.9479
949 4.9479
950 4.9479
951 4.9479
952 4.9479
953 4.9479
954 4.9479
955 4.9479
956 4.9479
957 4.9479
958 4.9479
959 4.9479
960 4.9479
961 4.9479
962 4.9479
963 4.9479
964 4.9479
965 4.9479
966 4.9479
967 4.9479
968 4.9479
969 4.9479
970 4.9479
971 4.9479
972 4.9479
973 4.9479
974 4.9479
975 4.9479
976 4.9479
977 4.9479
978 4.9479
979 4.9479
980 4.9479
981 4.9479
982 4.9479
983 4.9479
984 4.9479
985 4.9479
986 4.9479
987 4.9479
988 4.9479
989 4.9479
990 4.9479
991 4.9479
992 4.9479
993 4.9479
994 4.9479
995 4.9479
996 4.9479
997 4.9479
998 4.9479
999 4.9479
1000 4.9479
1001 4.9479
1002 4.9479
1003 4.9479
1004 4.9479
1005 4.9479
1006 4.9479
1007 4.9479
1008 4.9479
1009 4.9479
1010 4.9479
1011 4.9479
1012 4.9479
1013 4.9479
1014 4.9479
1015 4.9479
1016 4.9479
1017 4.9479
1018 4.9479
1019 4.9479
1020 4.9479
1021 4.9479
1022 4.9479
1023 4.9479
1024 4.9479
1025 4.9479
1026 4.9479
1027 4.9479
1028 4.9479
1029 4.9479
1030 4.9479
1031 4.9479
1032 4.9479
1033 4.9479
1034 4.9479
1035 4.9479
1036 4.9479
1037 4.9479
1038 4.9479
1039 4.9479
1040 4.9479
1041 4.9479
1042 4.9479
1043 4.9479
1044 4.9479
1045 4.9479
1046 4.9479
1047 4.9479
1048 4.9479
1049 4.9479
1050 4.9479
1051 4.9479
1052 4.9479
1053 4.9479
1054 4.9479
1055 4.9479
1056 4.9479
1057 4.9479
1058 4.9479
1059 4.9479
1060 4.9479
1061 4.9479
1062 4.9479
1063 4.9479
1064 4.9479
1065 4.9479
1066 4.9479
1067 4.9479
1068 4.9479
1069 4.9479
1070 4.9479
1071 4.9479
1072 4.9479
1073 4.9479
1074 4.9479
1075 4.9479
1076 4.9479
1077 4.9479
1078 4.9479
1079 4.9479
1080 4.9479
1081 4.9479
1082 4.9479
1083 4.9479
1084 4.9479
1085 4.9479
1086 4.9479
1087 4.9479
1088 4.9479
1089 4.9479
1090 4.9479
1091 4.9479
1092 4.9479
1093 4.9479
1094 4.9479
1095 4.9479
1096 4.9479
1097 4.9479
1098 4.9479
1099 4.9479
1100 4.9479
1101 4.9479
1102 4.9479
1103 4.9479
1104 4.9479
1105 4.9479
1106 4.9479
1107 4.9479
1108 4.9479
1109 4.9479
1110 4.9479
1111 4.9479
1112 4.9479
1113 4.9479
1114 4.9479
1115 4.9479
1116 4.9479
1117 4.9479
1118 4.9479
1119 4.9479
1120 4.9479
1121 4.9479
1122 4.9479
1123 4.9479
1124 4.9479
1125 4.9479
1126 4.9479
1127 4.9479
1128 4.9479
1129 4.9479
1130 4.9479
1131 4.9479
1132 4.9479
1133 4.9479
1134 4.9479
1135 4.9479
1136 4.9479
1137 4.9479
1138 4.9479
1139 4.9479
1140 4.9479
1141 4.9479
1142 4.9479
1143 4.9479
1144 4.9479
1145 4.9479
1146 4.9479
1147 4.9479
1148 4.9479
1149 4.9479
1150 4.9479
1151 4.9479
1152 4.9479
1153 4.9479
1154 4.9479
1155 4.9479
1156 4.9479
1157 4.9479
1158 4.9479
1159 4.9479
1160 4.9479
1161 4.9479
1162 4.9479
1163 4.9479
1164 4.9479
1165 4.9479
1166 4.9479
1167 4.9479
1168 4.9479
1169 4.9479
1170 4.9479
1171 4.9479
1172 4.9479
1173 4.9479
1174 4.9479
1175 4.9479
1176 4.9479
1177 4.9479
1178 4.9479
1179 4.9479
1180 4.9479
1181 4.9479
1182 4.9479
1183 4.9479
1184 4.9479
1185 4.9479
1186 4.9479
1187 4.9479
1188 4.9479
1189 4.9479
1190 4.9479
1191 4.9479
1192 4.9479
1193 4.9479
1194 4.9479
1195 4.9479
1196 4.9479
1197 4.9479
1198 4.9479
1199 4.9479
1200 4.9479
1201 4.9479
1202 4.9479
1203 4.9479
1204 4.9479
1205 4.9479
1206 4.9479
1207 4.9479
1208 4.9479
1209 4.9479
1210 4.9479
1211 4.9479
1212 4.9479
1213 4.9479
1214 4.9479
1215 4.9479
1216 4.9479
1217 4.9479
1218 4.9479
1219 4.9479
1220 4.9479
1221 4.9479
1222 4.9479
1223 4.9479
1224 4.9479
1225 4.9479
1226 4.9479
1227 4.9479
1228 4.9479
1229 4.9479
1230 4.9479
1231 4.9479
1232 4.9479
1233 4.9479
1234 4.9479
1235 4.9479
1236 4.9479
1237 4.9479
1238 4.9479
1239 4.9479
1240 4.9479
1241 4.9479
1242 4.9479
1243 4.9479
1244 4.9479
1245 4.9479
1246 4.9479
1247 4.9479
1248 4.9479
1249 4.9479
1250 4.9479
1251 4.9479
1252 4.9479
1253 4.9479
1254 4.9479
1255 4.9479
1256 4.9479
1257 4.9479
1258 4.9479
1259 4.9479
1260 4.9479
1261 4.9479
1262 4.9479
1263 4.9479
1264 4.9479
1265 4.9479
1266 4.9479
1267 4.9479
1268 4.9479
1269 4.9479
1270 4.9479
1271 4.9479
1272 4.9479
1273 4.9479
1274 4.9479
1275 4.9479
1276 4.9479
1277 4.9479
1278 4.9479
1279 4.9479
1280 4.9479
1281 4.9479
1282 4.9479
1283 4.9479
1284 4.9479
1285 4.9479
1286 4.9479
1287 4.9479
1288 4.9479
1289 4.9479
1290 4.9479
1291 4.9479
1292 4.9479
1293 4.9479
1294 4.9479
1295 4.9479
1296 4.9479
1297 4.9479
1298 4.9479
1299 4.9479
1300 4.9479
1301 4.9479
1302 4.9479
1303 4.9479
1304 4.9479
1305 4.9479
1306 4.9479
1307 4.9479
1308 4.9479
1309 4.9479
1310 4.9479
1311 4.9479
1312 4.9479
1313 4.9479
1314 4.9479
1315 4.9479
1316 4.9479
1317 4.9479
1318 4.9479
1319 4.9479
1320 4.9479
1321 4.9479
1322 4.9479
1323 4.9479
1324 4.76474
1325 4.9479
1326 4.9479
1327 4.9479
1328 4.9479
1329 4.9479
1330 4.9479
1331 4.9479
1332 4.9479
1333 4.9479
1334 4.9479
1335 4.9479
1336 4.9479
1337 4.9479
1338 4.9479
1339 4.9479
1340 4.9479
1341 4.9479
1342 4.9479
1343 4.9479
1344 4.9479
1345 4.9479
1346 4.9479
1347 4.9479
1348 4.9479
1349 4.9479
1350 4.9479
1351 4.9479
1352 4.9479
1353 4.9479
1354 4.9479
1355 4.9479
1356 4.9479
1357 4.9479
1358 4.9479
1359 4.9479
1360 4.9479
1361 4.9479
1362 4.9479
1363 4.9479
1364 4.9479
1365 4.9479
1366 4.9479
1367 4.9479
1368 4.9479
1369 4.9479
1370 4.9479
1371 4.9479
1372 4.9479
1373 4.9479
1374 4.9479
1375 4.9479
1376 4.9479
1377 4.9479
1378 4.9479
1379 4.9479
1380 4.9479
1381 4.9479
1382 4.9479
1383 4.9479
1384 4.9479
1385 4.9479
1386 4.9479
1387 4.9479
1388 4.9479
1389 4.9479
1390 4.9479
1391 4.9479
1392 4.9479
1393 4.9479
1394 4.9479
1395 4.9479
1396 4.9479
1397 4.9479
1398 4.9479
1399 4.9479
1400 4.9479
1401 4.9479
1402 4.9479
1403 4.9479
1404 4.9479
1405 4.9479
1406 4.9479
1407 4.9479
1408 4.9479
1409 4.9479
1410 4.9479
1411 4.9479
1412 4.9479
1413 4.9479
1414 4.9479
1415 4.9479
1416 4.9479
1417 4.9479
1418 4.9479
1419 4.9479
1420 4.9479
1421 4.9479
1422 4.9479
1423 4.9479
1424 4.9479
1425 4.9479
1426 4.9479
1427 4.9479
1428 4.9479
1429 4.9479
1430 4.9479
1431 4.9479
1432 4.9479
1433 4.9479
1434 4.9479
1435 4.9479
1436 4.9479
1437 4.9479
1438 4.9479
1439 4.9479
1440 4.9479
1441 4.9479
1442 4.9479
1443 4.9479
1444 4.9479
1445 4.9479
1446 4.9479
1447 4.9479
1448 4.9479
1449 4.9479
1450 4.9479
1451 4.9479
1452 4.9479
1453 4.9479
1454 4.9479
1455 4.9479
1456 4.9479
1457 4.9479
1458 4.9479
1459 4.9479
1460 4.9479
1461 4.9479
1462 4.9479
1463 4.9479
1464 4.9479
1465 4.9479
1466 4.9479
1467 4.9479
1468 4.9479
1469 4.9479
1470 4.9479
1471 4.9479
1472 4.9479
1473 4.9479
1474 4.9479
1475 4.9479
1476 4.9479
1477 4.9479
1478 4.9479
1479 4.9479
1480 4.9479
1481 4.9479
1482 4.9479
1483 4.9479
1484 4.9479
1485 4.9479
1486 4.9479
1487 4.9479
1488 4.9479
1489 4.9479
1490 4.9479
1491 4.9479
1492 4.9479
1493 4.9479
1494 4.9479
1495 4.9479
1496 4.9479
1497 4.9479
1498 4.9479
1499 4.9479
1500 4.9479
1501 4.9479
1502 4.9479
1503 4.9479
1504 4.9479
1505 4.9479
1506 4.9479
1507 4.9479
1508 4.9479
1509 4.9479
1510 4.9479
1511 4.9479
1512 4.9479
1513 4.9479
1514 4.9479
1515 4.9479
1516 4.9479
1517 4.9479
1518 4.9479
1519 4.9479
1520 4.9479
1521 4.9479
1522 4.9479
1523 4.9479
1524 4.9479
1525 4.9479
1526 4.9479
1527 4.9479
1528 4.9479
1529 4.9479
1530 4.9479
1531 4.9479
1532 4.9479
1533 4.9479
1534 4.9479
1535 4.9479
1536 4.9479
1537 4.9479
1538 4.9479
1539 4.9479
1540 4.9479
1541 4.9479
1542 4.9479
1543 4.9479
1544 4.9479
1545 4.9479
1546 4.9479
1547 4.9479
1548 4.9479
1549 4.9479
1550 4.9479
1551 4.9479
1552 4.9479
1553 4.9479
1554 4.9479
1555 4.9479
1556 4.9479
1557 4.9479
1558 4.9479
1559 4.9479
1560 4.9479
1561 4.9479
1562 4.9479
1563 4.9479
1564 4.9479
1565 4.9479
1566 4.9479
1567 4.9479
1568 4.9479
1569 4.9479
1570 4.9479
1571 4.9479
1572 4.9479
1573 4.9479
1574 4.9479
1575 4.9479
1576 4.9479
1577 4.9479
1578 4.9479
1579 4.9479
1580 4.9479
1581 4.9479
1582 4.9479
1583 4.9479
1584 4.9479
1585 4.9479
1586 4.9479
1587 4.9479
1588 4.9479
1589 4.9479
1590 4.9479
1591 4.9479
1592 4.9479
1593 4.9479
1594 4.9479
1595 4.9479
1596 4.9479
1597 4.9479
1598 4.9479
1599 4.9479
1600 4.9479
1601 4.9479
1602 4.9479
1603 4.9479
1604 4.9479
1605 4.9479
1606 4.9479
1607 4.9479
1608 4.9479
1609 4.9479
1610 4.9479
1611 4.9479
1612 4.9479
1613 4.9479
1614 4.9479
1615 4.9479
1616 4.9479
1617 4.9479
1618 4.9479
1619 4.9479
1620 4.9479
1621 4.9479
1622 4.9479
1623 4.9479
1624 4.9479
1625 4.9479
1626 4.9479
1627 4.9479
1628 4.9479
1629 4.9479
1630 4.9479
1631 4.9479
1632 4.9479
1633 4.9479
1634 4.9479
1635 4.9479
1636 4.9479
1637 4.9479
1638 4.9479
1639 4.9479
1640 4.9479
1641 4.9479
1642 4.9479
1643 4.9479
1644 4.9479
1645 4.9479
1646 4.9479
1647 4.9479
1648 4.9479
1649 4.9479
1650 4.9479
1651 4.9479
1652 4.76474
1653 4.9479
1654 4.9479
1655 4.9479
1656 4.9479
1657 4.9479
1658 4.9479
1659 4.9479
1660 4.9479
1661 4.9479
1662 4.9479
1663 4.9479
1664 4.9479
1665 4.9479
1666 4.9479
1667 4.9479
1668 4.9479
1669 4.9479
1670 4.9479
1671 4.9479
1672 4.9479
1673 4.9479
1674 4.9479
1675 4.9479
1676 4.9479
1677 4.9479
1678 4.9479
1679 4.9479
1680 4.9479
1681 4.9479
1682 4.9479
1683 4.9479
1684 4.9479
1685 4.9479
1686 4.9479
1687 4.9479
1688 4.9479
1689 4.9479
1690 4.9479
1691 4.9479
1692 4.9479
1693 4.9479
1694 4.9479
1695 4.9479
1696 4.9479
1697 4.9479
1698 4.9479
1699 4.9479
1700 4.9479
1701 4.9479
1702 4.9479
1703 4.9479
1704 4.9479
1705 4.9479
1706 4.9479
1707 4.9479
1708 4.9479
1709 4.9479
1710 4.9479
1711 4.9479
1712 4.9479
1713 4.9479
1714 4.9479
1715 4.9479
1716 4.9479
1717 4.9479
1718 4.9479
1719 4.9479
1720 4.9479
1721 4.9479
1722 4.9479
1723 4.9479
1724 4.9479
1725 4.9479
1726 4.9479
1727 4.9479
1728 4.9479
1729 4.9479
1730 4.9479
1731 4.9479
1732 4.9479
1733 4.9479
1734 4.9479
1735 4.9479
1736 4.9479
1737 4.9479
1738 4.9479
1739 4.9479
1740 4.9479
1741 4.9479
1742 4.9479
1743 4.9479
1744 4.9479
1745 4.9479
1746 4.9479
1747 4.9479
1748 4.9479
1749 4.9479
1750 4.9479
1751 4.9479
1752 4.9479
1753 4.9479
1754 4.9479
1755 4.9479
1756 4.9479
1757 4.9479
1758 4.9479
1759 4.9479
1760 4.9479
1761 4.9479
1762 4.9479
1763 4.9479
1764 4.9479
1765 4.9479
1766 4.9479
1767 4.9479
1768 4.9479
1769 4.9479
1770 4.9479
1771 4.9479
1772 4.9479
1773 4.9479
1774 4.9479
1775 4.9479
1776 4.9479
1777 4.9479
1778 4.9479
1779 4.9479
1780 4.9479
1781 4.9479
1782 4.9479
1783 4.9479
1784 4.9479
1785 4.9479
1786 4.9479
1787 4.9479
1788 4.9479
1789 4.9479
1790 4.9479
1791 4.9479
1792 4.9479
1793 4.9479
1794 4.9479
1795 4.9479
1796 4.9479
1797 4.9479
1798 4.9479
1799 4.9479
1800 4.9479
1801 4.9479
1802 4.9479
1803 4.9479
1804 4.9479
1805 4.9479
1806 4.9479
1807 4.9479
1808 4.9479
1809 4.9479
1810 4.9479
1811 4.9479
1812 4.9479
1813 4.9479
1814 4.9479
1815 4.9479
1816 4.9479
1817 4.9479
1818 4.9479
1819 4.9479
1820 4.9479
1821 4.9479
1822 4.9479
1823 4.9479
1824 4.9479
1825 4.9479
1826 4.9479
1827 4.9479
1828 4.9479
1829 4.9479
1830 4.9479
1831 4.9479
1832 4.9479
1833 4.9479
1834 4.9479
1835 4.9479
1836 4.9479
1837 4.9479
1838 4.9479
1839 4.9479
1840 4.9479
1841 4.9479
1842 4.9479
1843 4.9479
1844 4.9479
1845 4.76474
1846 4.9479
1847 4.9479
1848 4.9479
1849 4.9479
1850 4.9479
1851 4.9479
1852 4.9479
1853 4.9479
1854 4.9479
1855 4.9479
1856 4.9479
1857 4.9479
1858 4.9479
1859 4.9479
1860 4.9479
1861 4.9479
1862 4.9479
1863 4.9479
1864 4.9479
1865 4.9479
1866 4.9479
1867 4.9479
1868 4.9479
1869 4.9479
1870 4.9479
1871 4.9479
1872 4.9479
1873 4.9479
1874 4.9479
1875 4.9479
1876 4.9479
1877 4.9479
1878 4.9479
1879 4.9479
1880 4.9479
1881 4.9479
1882 4.9479
1883 4.9479
1884 4.9479
1885 4.9479
1886 4.9479
1887 4.9479
1888 4.9479
1889 4.9479
1890 4.9479
1891 4.9479
1892 4.9479
1893 4.9479
1894 4.9479
1895 4.9479
1896 4.9479
1897 4.9479
1898 4.9479
1899 4.9479
1900 4.9479
1901 4.9479
1902 4.9479
1903 4.9479
1904 4.9479
1905 4.9479
1906 4.9479
1907 4.9479
1908 4.9479
1909 4.9479
1910 4.9479
1911 4.9479
1912 4.9479
1913 4.9479
1914 4.9479
1915 4.9479
1916 4.9479
1917 4.9479
1918 4.9479
1919 4.9479
1920 4.9479
1921 4.9479
1922 4.9479
1923 4.9479
1924 4.9479
1925 4.9479
1926 4.9479
1927 4.9479
1928 4.9479
1929 4.9479
1930 4.9479
1931 4.9479
1932 4.9479
1933 4.9479
1934 4.9479
1935 4.9479
1936 4.9479
1937 4.9479
1938 4.9479
1939 4.9479
1940 4.9479
1941 4.9479
1942 4.9479
1943 4.9479
1944 4.9479
1945 4.9479
1946 4.9479
1947 4.9479
1948 4.9479
1949 4.9479
1950 4.9479
1951 4.9479
1952 4.9479
1953 4.9479
1954 4.9479
1955 4.9479
1956 4.9479
1957 4.9479
1958 4.9479
1959 4.9479
1960 4.9479
1961 4.9479
1962 4.9479
1963 4.9479
1964 4.9479
1965 4.9479
1966 4.9479
1967 4.9479
1968 4.9479
1969 4.9479
1970 4.9479
1971 4.9479
1972 4.9479
1973 4.9479
1974 4.9479
1975 4.9479
1976 4.9479
1977 4.9479
1978 4.9479
1979 4.9479
1980 4.9479
1981 4.9479
1982 4.9479
1983 4.9479
1984 4.9479
1985 4.9479
1986 4.9479
1987 4.9479
1988 4.9479
1989 4.9479
1990 4.9479
1991 4.9479
1992 4.9479
1993 4.9479
1994 4.9479
1995 4.9479
1996 4.9479
1997 4.9479
1998 4.9479
1999 4.9479
