 1 -0.412915 -0.412915 0
 2 -0.412488 -0.412701 0.00021353
 3 -0.409104 -0.411502 0.00120536
 4 -0.412489 -0.411749 0.000887311
 5 -0.414206 -0.41224 0.00084498
 6 -0.415761 -0.412827 0.000905662
 7 -0.412474 -0.412777 0.000767085
 8 -0.411247 -0.412585 0.000691278
 9 -0.411441 -0.412458 0.000622773
 10 -0.413118 -0.412524 0.000560919
 11 -0.417305 -0.412959 0.000668045
 12 -0.417248 -0.413316 0.000706873
 13 -0.414648 -0.413419 0.000658249
 14 -0.413365 -0.413415 0.000609433
 15 -0.413079 -0.413392 0.000567793
 16 -0.416918 -0.413613 0.000575017
 17 -0.414912 -0.413689 0.000545513
 18 -0.414091 -0.413712 0.000514799
 19 -0.411398 -0.41359 0.000501942
 20 -0.414742 -0.413647 0.000479656
 21 -0.414902 -0.413707 0.000460142
 22 -0.416133 -0.413817 0.000452376
 23 -0.4166 -0.413938 0.000448869
 24 -0.41644 -0.414043 0.000442223
 25 -0.413971 -0.41404 0.000424176
 26 -0.409801 -0.413877 0.000438939
 27 -0.408757 -0.413687 0.000462984
 28 -0.413157 -0.413668 0.000446543
 29 -0.413675 -0.413668 0.00043087
 30 -0.413218 -0.413653 0.000416531
 31 -0.413434 -0.413646 0.000402933
 32 -0.414436 -0.413671 0.000390918
 33 -0.413746 -0.413673 0.000378893
 34 -0.4151 -0.413715 0.000369969
 35 -0.408144 -0.413556 0.000392925
 36 -0.409963 -0.413456 0.000394685
 37 -0.420468 -0.413646 0.000428094
 38 -0.414896 -0.413679 0.000417974
 39 -0.409026 -0.413559 0.000424233
 40 -0.411623 -0.413511 0.000416316
 41 -0.416581 -0.413586 0.000412881
 42 -0.414866 -0.413616 0.000404082
 43 -0.413027 -0.413603 0.00039481
 44 -0.411184 -0.413548 0.000389628
 45 -0.417965 -0.413646 0.000393321
 46 -0.412631 -0.413624 0.000385307
 47 -0.414492 -0.413642 0.000377472
 48 -0.414402 -0.413658 0.000369863
 49 -0.417365 -0.413734 0.00037005
 50 -0.411323 -0.413685 0.000365764
 51 -0.416571 -0.413742 0.000362958
 52 -0.411101 -0.413691 0.000359516
 53 -0.414541 -0.413707 0.000353032
 54 -0.418707 -0.4138 0.000358593
 55 -0.414118 -0.413806 0.000352061
 56 -0.415859 -0.413842 0.000347655
 57 -0.415545 -0.413872 0.000342805
 58 -0.414024 -0.413875 0.000336853
 59 -0.417182 -0.413931 0.000335805
 60 -0.412571 -0.413908 0.000330938
 61 -0.414511 -0.413918 0.000325618
 62 -0.418263 -0.413988 0.000327899
 63 -0.415382 -0.41401 0.00032341
 64 -0.411641 -0.413973 0.000320463
 65 -0.416534 -0.414013 0.000317945
 66 -0.415216 -0.414031 0.000313621
 67 -0.413698 -0.414026 0.000308944
 68 -0.413065 -0.414012 0.000304695
 69 -0.41724 -0.414059 0.000303869
 70 -0.415503 -0.414079 0.000300207
 71 -0.412762 -0.414061 0.000296529
 72 -0.416781 -0.414098 0.000294813
 73 -0.411603 -0.414064 0.00029275
 74 -0.416466 -0.414097 0.000290585
 75 -0.410287 -0.414046 0.000291149
 76 -0.409341 -0.413984 0.000293886
 77 -0.41343 -0.413977 0.000290134
 78 -0.411934 -0.413951 0.000287585
 79 -0.418827 -0.414012 0.000290554
 80 -0.414098 -0.414013 0.000286901
 81 -0.410166 -0.413966 0.000287291
 82 -0.413676 -0.413962 0.000283788
 83 -0.420415 -0.41404 0.000290928
 84 -0.412856 -0.414026 0.000287789
 85 -0.414598 -0.414033 0.000284463
 86 -0.419457 -0.414096 0.000288125
 87 -0.414187 -0.414097 0.000284796
 88 -0.412936 -0.414084 0.00028185
 89 -0.413995 -0.414083 0.000278667
 90 -0.412481 -0.414065 0.000276127
 91 -0.415021 -0.414075 0.000273278
 92 -0.416755 -0.414105 0.000271856
 93 -0.417001 -0.414136 0.000270714
 94 -0.412821 -0.414122 0.000268183
 95 -0.414993 -0.414131 0.000265504
 96 -0.411436 -0.414103 0.000264219
 97 -0.413855 -0.4141 0.000261494
 98 -0.415583 -0.414115 0.000259254
 99 -0.417299 -0.414148 0.000258629
 100 -0.416415 -0.41417 0.000257032
