100 0 0 0
100 0.0646330407 0 0
100 0.1292660814 0 0
100 0.1938991221 0 0
100 0.2585321628 0 0
100 0.3231652035 0 0
100 0.3877982442 0 0
100 0.4524312849 0 0
100 0.5170643256 0 0
100 0.5816973663 0 0
100 0.646330407 0 0
100 0.7109634477 0 0
100 0.7755964884 0 0
100 0.8402295291 0.0009429248778 6.243981191e-05
100 0.9048625698 0.148279101 0.0007441264602
100 0.9694956105 1.063515165 0.002303158007
100 1.034128651 2.040037753 0.003710397239
100 1.098761692 2.26761781 0.00390767419
100 1.163394733 2.08817164 0.003441625283
100 1.228027773 1.828046319 0.002739244115
100 1.292660814 1.618086681 0.001899659019
100 1.357293855 1.450788814 0.002226152255
100 1.421926895 1.336448656 0.002020115385
100 1.486559936 1.248862199 0.001747222847
100 1.551192977 1.190205448 0.001490051013
100 1.615826018 1.143204075 0.001421769449
100 1.680459058 1.112501759 0.00147083317
100 1.745092099 1.089911462 0.001418687315
100 1.80972514 1.07604567 0.001184915603
100 1.87435818 1.063312516 0.00122180552
100 1.938991221 1.059964628 0.001009153522
100 2.003624262 1.056782433 0.001161946164
100 2.068257302 1.056195168 0.001061849567
100 2.132890343 1.050785974 0.0009540743963
100 2.197523384 1.049025532 0.00106793621
100 2.262156425 1.044440727 0.0009616772348
100 2.326789465 1.037333104 0.00091547407
100 2.391422506 1.031440669 0.0009535746259
100 2.456055547 1.026096059 0.0008354884591
100 2.520688587 1.020680801 0.0008063359741
100 2.585321628 1.017182603 0.0008460312692
100 2.649954669 1.012971072 0.0008363448387
100 2.714587709 1.010168812 0.0008483001477
100 2.77922075 1.008119982 0.0007651522051
100 2.843853791 1.005586645 0.0006872698611
100 2.908486832 1.001879994 0.0006977035743
100 2.973119872 1.001836034 0.0007187073636
100 3.037752913 0.999011934 0.0006986528754
100 3.102385954 1.000473413 0.0007351954671
100 3.167018994 0.9983559272 0.0007677160535
100 3.231652035 0.9972864168 0.0006340615573
100 3.296285076 0.9954173283 0.0005805418327
100 3.360918116 0.9951543271 0.0006066980995
100 3.425551157 0.9928843081 0.0005504705431
100 3.490184198 0.9926568108 0.000581106046
100 3.554817239 0.9923748141 0.0005390412533
100 3.619450279 0.9907307345 0.0005800663384
100 3.68408332 0.9906498296 0.0005663793746
100 3.748716361 0.9909346161 0.0005467626164
100 3.813349401 0.99036205 0.0005723778737
100 3.877982442 0.9916193295 0.0005515619402
100 3.942615483 0.9902339885 0.0005494366419
100 4.007248523 0.9890732955 0.0005561751136
100 4.071881564 0.9888009865 0.0005005989187
100 4.136514605 0.9890087594 0.0005165914862
100 4.201147646 0.988794011 0.0004295578829
100 4.265780686 0.9882953741 0.0004762991131
100 4.330413727 0.9872517631 0.0004621978988
100 4.395046768 0.9881504882 0.0004855386846
100 4.459679808 0.9870739525 0.0004243504915
100 4.524312849 0.9876391333 0.0004478033878
100 4.58894589 0.9872922454 0.0004505985932
100 4.65357893 0.9868564716 0.000394911699
100 4.718211971 0.9873421285 0.0004633712746
100 4.782845012 0.9867586175 0.0004361078992
100 4.847478053 0.9868295249 0.0003922473106
100 4.912111093 0.9869710942 0.000374440454
100 4.976744134 0.9865221883 0.0003637962865
100 5.041377175 0.986108002 0.0004316319948
100 5.106010215 0.9858928521 0.0004049238856
100 5.170643256 0.9863634271 0.0003795098934
100 5.235276297 0.986030546 0.0003924516834
100 5.299909337 0.9862294568 0.0003691210196
100 5.364542378 0.9866303975 0.0003886258969
100 5.429175419 0.986146886 0.0003852627187
100 5.49380846 0.9857449671 0.0004054532386
100 5.5584415 0.9860910791 0.0003448045219
100 5.623074541 0.9861862032 0.0004286213434
100 5.687707582 0.9858115969 0.0003783328887
100 5.752340622 0.9854789359 0.0003271273347
100 5.816973663 0.9862050452 0.0002934788272
100 5.881606704 0.9859281689 0.0003276374732
100 5.946239744 0.9858501146 0.0003017982508
100 6.010872785 0.9858510621 0.0003161427243
100 6.075505826 0.9864464279 0.0003184359865
100 6.140138867 0.9861006233 0.0002781135882
100 6.204771907 0.9859861891 0.0003068564967
100 6.269404948 0.9859843401 0.0003571103497
100 6.334037989 0.9862050518 0.0003348208005
100 6.398671029 0.9863428969 0.0002916748248
