 1 0.0494167 0.0494167 0
 2 0.0494291 0.0494229 6.21142e-06
 3 0.0487457 0.0491972 0.000225744
 4 0.0491278 0.0491798 0.000160564
 5 0.0484076 0.0490254 0.000198305
 6 0.0489217 0.0490081 0.000162834
 7 0.0490869 0.0490194 0.00013808
 8 0.0492126 0.0490435 0.000121996
 9 0.0489798 0.0490364 0.000107823
 10 0.0491937 0.0490522 9.77141e-05
 11 0.0487573 0.0490254 9.23619e-05
 12 0.0489073 0.0490155 8.48862e-05
 13 0.0490239 0.0490162 7.80866e-05
 14 0.0492183 0.0490306 7.37218e-05
 15 0.0494072 0.0490557 7.3078e-05
 16 0.0486751 0.0490319 7.23799e-05
 17 0.0492886 0.049047 6.96459e-05
 18 0.048923 0.0490401 6.60233e-05
 19 0.0489565 0.0490357 6.26067e-05
 20 0.0485568 0.0490118 6.40399e-05
 21 0.0489186 0.0490074 6.10754e-05
 22 0.0485755 0.0489877 6.14526e-05
 23 0.0489647 0.0489867 5.87285e-05
 24 0.0488145 0.0489795 5.66842e-05
 25 0.0493992 0.0489963 5.69014e-05
 26 0.0493721 0.0490108 5.65473e-05
 27 0.0494036 0.0490253 5.63239e-05
 28 0.0493945 0.0490385 5.58534e-05
 29 0.0488012 0.0490303 5.45106e-05
 30 0.0488505 0.0490243 5.30023e-05
 31 0.0490442 0.049025 5.12681e-05
 32 0.0492969 0.0490335 5.03621e-05
 33 0.0489285 0.0490303 4.89156e-05
 34 0.0493216 0.0490389 4.82223e-05
 35 0.0492507 0.0490449 4.72139e-05
 36 0.049037 0.0490447 4.58842e-05
 37 0.0488754 0.0490401 4.48608e-05
 38 0.0491508 0.049043 4.37612e-05
 39 0.0491198 0.049045 4.26698e-05
 40 0.0490976 0.0490463 4.16101e-05
 41 0.0491746 0.0490494 4.0703e-05
 42 0.0487435 0.0490422 4.03843e-05
 43 0.0489725 0.0490405 3.94672e-05
 44 0.0494808 0.0490505 3.9837e-05
 45 0.0488231 0.0490455 3.92685e-05
 46 0.0489523 0.0490435 3.84587e-05
 47 0.0488883 0.0490402 3.7776e-05
 48 0.0489777 0.0490389 3.70035e-05
 49 0.0490755 0.0490396 3.62482e-05
 50 0.0486309 0.0490314 3.64442e-05
 51 0.0487726 0.0490264 3.60813e-05
 52 0.0487753 0.0490215 3.57085e-05
 53 0.0486152 0.0490139 3.58573e-05
 54 0.0492329 0.0490179 3.542e-05
 55 0.0492494 0.0490221 3.50239e-05
 56 0.0493972 0.0490288 3.50389e-05
 57 0.0488518 0.0490257 3.45584e-05
 58 0.0491222 0.0490274 3.39981e-05
 59 0.0487018 0.0490219 3.38696e-05
 60 0.0492146 0.0490251 3.34549e-05
 61 0.0494816 0.0490326 3.37424e-05
 62 0.0487882 0.0490286 3.34268e-05
 63 0.0490681 0.0490293 3.28979e-05
 64 0.0493408 0.0490341 3.27435e-05
 65 0.0488957 0.049032 3.23061e-05
 66 0.049267 0.0490356 3.20116e-05
 67 0.0486156 0.0490293 3.21472e-05
 68 0.0493442 0.0490339 3.20077e-05
 69 0.0488673 0.0490315 3.16327e-05
 70 0.0484672 0.0490234 3.22029e-05
 71 0.0491925 0.0490258 3.18352e-05
 72 0.0489204 0.0490244 3.1424e-05
 73 0.0490255 0.0490244 3.09906e-05
 74 0.0488093 0.0490215 3.07068e-05
 75 0.0493202 0.0490254 3.05553e-05
 76 0.0491644 0.0490273 3.0206e-05
 77 0.0490137 0.0490271 2.98116e-05
 78 0.0488491 0.0490248 2.95153e-05
 79 0.0487721 0.0490216 2.93144e-05
 80 0.0490608 0.0490221 2.89498e-05
 81 0.0493551 0.0490262 2.88842e-05
 82 0.0487042 0.0490223 2.87988e-05
 83 0.0488979 0.0490208 2.84892e-05
 84 0.0492655 0.0490237 2.82983e-05
 85 0.0490359 0.0490239 2.79638e-05
 86 0.0492776 0.0490268 2.77938e-05
 87 0.049134 0.049028 2.75e-05
 88 0.048937 0.049027 2.72054e-05
 89 0.0490304 0.049027 2.6898e-05
 90 0.0489849 0.0490266 2.66016e-05
 91 0.0490005 0.0490263 2.63092e-05
 92 0.0486313 0.049022 2.63734e-05
 93 0.0493392 0.0490254 2.63103e-05
 94 0.0490012 0.0490251 2.60302e-05
 95 0.0489564 0.0490244 2.57649e-05
 96 0.0489942 0.0490241 2.5497e-05
 97 0.048657 0.0490203 2.55151e-05
 98 0.04866 0.0490166 2.55197e-05
 99 0.0494544 0.0490211 2.56446e-05
 100 0.0489766 0.0490206 2.53908e-05
