0.496137   0.469679   -0.48643
-0.338917   -0.354587   0.49579
-0.487667   -0.362953   -0.324094
-0.328113   0.470445   -0.330269
-0.171242   0.492384   -0.498657
0.00380223   -0.331543   -0.494526
-0.174416   -0.344252   -0.332599
-0.00350957   0.492214   -0.351788
0.169936   0.499648   -0.484215
0.338592   -0.313477   -0.479072
0.149964   -0.341105   -0.327213
0.333715   0.477589   -0.31176
-0.498077   -0.157903   -0.463324
-0.3624   0.0091158   0.486692
0.467159   0.0180289   -0.343676
-0.33949   -0.153542   -0.317116
-0.174798   -0.185953   0.482595
0.00690332   -0.0300109   -0.496562
-0.163038   -0.00436417   -0.334045
-0.0129751   -0.186214   -0.330948
0.17006   -0.16807   -0.497121
0.336131   0.0179733   0.483245
0.143083   0.000760647   -0.342271
0.336113   -0.163199   -0.315057
0.495924   0.181126   0.491882
-0.340063   0.31427   0.49286
0.497521   0.315951   -0.340767
-0.346054   0.154754   -0.322735
-0.174368   0.146965   0.498423
0.010583   0.318771   0.481779
-0.172037   0.319771   -0.33247
-0.00722908   0.157921   -0.337091
0.14843   0.154239   0.493263
0.327916   0.338385   0.497761
0.171183   0.327526   -0.309959
0.31269   0.169711   -0.337566
-0.49919   0.484187   -0.156293
-0.334841   -0.35088   -0.163429
-0.484343   -0.332443   -0.00767747
-0.340229   0.498552   0.0168494
-0.171519   0.493836   -0.175403
-0.00547255   -0.362397   -0.159768
-0.180155   -0.355066   -0.0105122
0.0170426   0.491282   -0.0090889
0.183976   0.488235   -0.164598
0.330145   -0.353308   -0.153345
0.143071   -0.340782   0.0127482
0.334442   0.485124   0.00291356
-0.489802   -0.154691   -0.169036
-0.314342   -0.000737884   -0.171182
-0.488762   -0.0187893   0.00653445
-0.328597   -0.173251   -0.0164861
-0.169907   -0.177607   -0.182537
0.000387607   -0.0190005   -0.172781
-0.152995   -0.00865803   -0.0340099
-0.00330522   -0.178221   -0.0117831
0.172185   -0.148904   -0.158748
0.31806   0.0158087   -0.165433
0.175602   -0.00925072   0.0171934
0.331172   -0.171228   0.00392106
-0.472793   0.144322   -0.129183
-0.334331   0.318143   -0.160368
-0.497241   0.319913   0.00566056
-0.29916   0.150904   0.00451858
-0.145102   0.161348   -0.174555
0.00889495   0.346918   -0.172658
-0.15406   0.334261   -0.00698931
0.00558124   0.16943   0.0194841
0.141499   0.157451   -0.168487
0.353275   0.30136   -0.178048
0.16612   0.323539   -0.00887925
0.336612   0.174096   0.00800452
0.494065   0.484214   0.176879
-0.343068   -0.347017   0.171474
0.487872   -0.340618   0.353207
-0.337908   0.480104   0.326161
-0.171071   -0.49385   0.148053
-0.00182848   -0.334693   0.168746
-0.178615   -0.349246   0.335378
-0.00176329   -0.49214   0.310551
0.171782   0.480099   0.154644
0.342249   -0.361508   0.155491
0.161833   -0.33329   0.342606
0.315806   0.497345   0.358957
0.494735   -0.18609   0.150314
-0.33744   -0.0149038   0.164104
-0.493178   -0.0293172   0.321048
-0.321057   -0.157876   0.332812
-0.160098   -0.166665   0.155995
0.00540594   -0.00244348   0.167319
-0.144617   -0.013094   0.343962
0.00480472   -0.164632   0.335223
0.181884   -0.166808   0.163856
0.326329   -0.00994413   0.183782
0.153111   -0.00428248   0.341835
0.31958   -0.176563   0.339202
-0.473681   0.158286   0.150497
-0.321244   0.328291   0.147255
0.497536   0.328978   0.327459
-0.334763   0.169206   0.325847
-0.164451   0.134858   0.161303
0.00484848   0.336502   0.163322
-0.165507   0.342201   0.319505
-0.0115992   0.177223   0.322618
0.17778   0.159817   0.159461
0.343931   0.327003   0.160698
0.184178   0.313707   0.317703
0.342273   0.162446   0.332344
