0.496188   0.469682   -0.486326
-0.338852   -0.35463   0.495766
-0.487739   -0.36298   -0.324217
-0.328162   0.470415   -0.330091
-0.171148   0.492354   -0.498723
0.00384954   -0.331439   -0.4945
-0.174484   -0.344127   -0.332607
-0.0034767   0.492301   -0.351754
0.16977   0.499704   -0.484125
0.338796   -0.313431   -0.479041
0.149891   -0.341026   -0.327105
0.333654   0.477694   -0.311698
-0.498024   -0.157861   -0.463256
-0.362246   0.00920186   0.486932
0.4671   0.0180419   -0.343696
-0.339427   -0.153446   -0.316969
-0.174874   -0.186014   0.482521
0.00691001   -0.0302178   -0.496391
-0.163003   -0.00435994   -0.334101
-0.0130646   -0.186324   -0.33097
0.170065   -0.168025   -0.497264
0.336299   0.0180833   0.48327
0.143088   0.000792856   -0.342256
0.336018   -0.163145   -0.315068
0.495833   0.18099   0.491994
-0.339902   0.314281   0.492802
0.497491   0.31592   -0.340773
-0.346053   0.154807   -0.322713
-0.174311   0.147084   0.498297
0.0104852   0.318729   0.481748
-0.171976   0.319723   -0.33265
-0.00702491   0.157957   -0.337015
0.148478   0.154153   0.493139
0.327757   0.338438   0.497678
0.171113   0.327503   -0.309783
0.312852   0.169749   -0.337661
-0.499217   0.484143   -0.156238
-0.335002   -0.350837   -0.163325
-0.484317   -0.332368   -0.0077227
-0.340366   0.498508   0.0168664
-0.171548   0.493755   -0.175317
-0.00537522   -0.362439   -0.159731
-0.180116   -0.355038   -0.0106369
0.0171264   0.491279   -0.00911504
0.184013   0.488203   -0.164607
0.330004   -0.353291   -0.153558
0.143141   -0.34077   0.0128163
0.334389   0.48526   0.00288974
-0.489704   -0.154714   -0.169135
-0.314507   -0.00083956   -0.171196
-0.488844   -0.0187192   0.00654292
-0.328619   -0.173288   -0.0163955
-0.169784   -0.177571   -0.182509
0.000420908   -0.0189122   -0.172884
-0.152941   -0.00872903   -0.0340239
-0.00338971   -0.178255   -0.0116339
0.172392   -0.148922   -0.158768
0.317939   0.0159893   -0.165479
0.175673   -0.00931518   0.0171041
0.33118   -0.171081   0.00381608
-0.472824   0.144379   -0.128981
-0.33427   0.318121   -0.160152
-0.497257   0.319795   0.00554122
-0.299168   0.15088   0.00448113
-0.145045   0.161226   -0.174677
0.00902407   0.346975   -0.172773
-0.154044   0.334258   -0.00696168
0.0056519   0.16945   0.0195791
0.141516   0.157286   -0.168635
0.353239   0.301406   -0.178169
0.166036   0.32353   -0.00866143
0.336708   0.174025   0.0080387
0.49415   0.484193   0.177036
-0.343143   -0.347069   0.17163
0.487724   -0.340555   0.353188
-0.337912   0.48015   0.32606
-0.171246   -0.493683   0.148066
-0.00187535   -0.334755   0.168676
-0.178645   -0.349298   0.335378
-0.00192015   -0.492123   0.310629
0.171842   0.480228   0.154567
0.342329   -0.361674   0.155305
0.16181   -0.33306   0.342677
0.3158   0.497497   0.359083
0.494718   -0.186045   0.150262
-0.337327   -0.0148279   0.164086
-0.493353   -0.0293324   0.321136
-0.321158   -0.157808   0.332879
-0.160223   -0.166806   0.155999
0.00532223   -0.00252251   0.167228
-0.14462   -0.0130267   0.34408
0.00480502   -0.164577   0.335279
0.181933   -0.166893   0.163893
0.32642   -0.00986796   0.183768
0.153031   -0.00434146   0.341723
0.319669   -0.176585   0.339209
-0.473628   0.158174   0.150564
-0.321171   0.32819   0.147212
0.497416   0.328849   0.327394
-0.33478   0.169313   0.325775
-0.164527   0.134932   0.161186
0.00480929   0.336372   0.163126
-0.165434   0.34198   0.319477
-0.0115106   0.177248   0.32258
0.177727   0.159723   0.159492
0.343913   0.326967   0.160726
0.184145   0.313619   0.317616
0.342397   0.162329   0.33234
