0.793271
0.770445
0.732688
0.681657
0.619519
0.549364
0.475208
0.401784
0.33416
0.277106
0.234349
0.207901
0.197782
0.202139
0.217749
0.240718
0.267118
0.293482
0.317096
0.336085
0.349423
0.356856
0.358745
0.355925
0.349591
0.341138
0.332052
0.323805
0.31776
0.315109
0.316769
0.323349
0.335017
0.351471
0.371895
0.394992
0.419177
0.44268
0.46384
0.48125
0.493911
0.501256
0.50324
0.500229
0.492994
0.482585
0.470148
0.456828
0.44365
0.431347
0.420387
0.410982
0.403159
0.396833
0.3919
0.388327
0.386129
0.385406
0.386283
0.388823
0.39297
0.398528
0.405119
0.412228
0.419248
0.425622
0.430934
0.43495
0.437589
0.438917
0.439073
0.438192
0.436445
0.433981
0.430959
0.427526
0.423889
0.420237
0.416732
0.413583
0.410977
0.409026
0.407868
0.407572
0.408184
0.409589
0.41149
0.41337
0.414607
0.41455
0.412668
0.408665
0.402604
0.394912
0.386299
0.377722
0.37013
0.364314
0.360779
0.359647
0.360726
0.36357
0.367557
0.371995
0.376218
0.379616
0.381698
0.382113
0.380786
0.377904
0.373952
0.369667
0.365977
0.363862
0.364211
0.367686
0.374553
0.384688
0.397569
0.412375
0.428098
0.443656
0.458037
0.470307
0.479772
0.485941
0.488516
0.487479
0.483047
0.475618
0.465818
0.454413
0.442314
0.430476
0.419847
0.411289
0.405426
0.402568
0.402505
0.404502
0.407538
0.410551
0.412778
0.413752
0.413315
0.411559
0.408631
0.404725
0.400067
0.394891
0.389496
0.384233
0.379496
0.375688
0.373181
0.372306
0.373329
0.376423
0.381594
0.388554
0.396648
0.404885
0.412139
0.417409
0.420034
0.419822
0.417088
0.412531
0.406994
0.401276
0.395937
0.391259
0.387384
0.384408
0.382557
0.382204
0.383759
0.387494
0.393385
0.401161
0.410336
0.420256
0.430259
0.439667
0.447812
0.454174
0.458284
0.459833
0.458716
0.455026
0.44907
0.441373
0.432619
0.423571
0.415064
0.407885
0.40264
0.399691
0.399078
0.400554
0.403633
0.407667
0.411997
0.416084
0.419498
0.421977
0.423393
0.423773
0.423233
0.421939
0.420149
0.418076
0.415824
0.413423
0.41079
0.407869
0.404654
0.401203
0.397666
0.394233
0.391067
0.388304
0.386054
0.3844
0.38339
0.383093
0.383588
0.384929
0.387165
0.390301
0.394184
0.39854
0.402977
0.406967
0.409979
0.411597
0.41156
0.409869
0.406785
0.40274
0.398269
0.39382
0.389752
0.386256
0.383352
0.380968
0.379042
0.377582
0.376657
0.376395
0.376905
0.378236
0.380328
0.383005
0.38608
0.389368
0.392758
0.396279
0.400068
0.404245
0.408888
0.414004
0.419541
0.425436
0.431668
0.438177
0.44484
0.451441
0.45764
0.46301
0.467154
0.469716
0.470452
0.469299
0.466303
0.461635
0.45555
0.448309
0.440146
0.431284
0.422005
0.412614
0.403462
0.394954
0.387568
0.381793
0.378084
0.376742
0.377821
0.381044
0.385793
0.391148
0.396079
0.39959
0.400936
0.399769
0.396216
0.390893
0.384812
0.379228
0.375389
0.374317
0.376617
0.382381
0.391242
0.402432
0.414901
0.427483
0.439025
0.44853
0.455209
0.458557
0.458318
0.454504
0.44732
0.437191
0.424756
0.410895
0.396658
0.383235
0.371779
0.36329
0.358465
0.357524
0.360223
0.366015
0.374127
0.383723
0.394004
0.404242
0.413771
0.421972
0.428317
0.432487
0.43441
0.434256
0.432414
0.429398
0.425733
0.421929
0.418421
0.415509
0.413377
0.412107
0.41169
0.412053
0.413121
0.414791
0.416953
0.419463
0.422112
0.424633
0.426718
0.428024
0.428322
0.427517
0.425665
0.422888
0.419339
0.415065
0.410044
0.404245
0.397706
0.390627
0.383379
0.37656
0.370891
0.367076
0.36566
0.366901
0.370705
0.376705
0.384315
0.392873
0.401733
0.410324
0.418164
0.424859
0.430066
0.433544
0.435143
0.434807
0.432593
0.42866
0.423343
0.417119
0.410585
0.404455
0.399489
0.396326
0.395377
0.396738
0.400083
0.40476
0.409961
0.414908
0.419005
0.421887
0.42351
0.424022
0.42371
0.422899
0.421861
0.420773
0.419749
0.418733
0.41753
0.415901
0.413582
0.410312
0.405972
0.400684
0.3949
0.38935
0.385021
0.383007
0.384125
0.388719
0.396498
0.406575
0.417704
0.428594
0.438192
0.44576
0.450891
0.453491
0.453625
0.451485
0.447335
0.441456
0.434115
0.425605
0.416186
0.406187
0.39599
0.386059
0.376989
0.369445
0.364124
0.361686
0.362591
0.366954
0.374439
0.384257
0.395245
0.40608
0.415526
0.422586
0.426699
0.427781
0.426184
0.422606
0.418009
0.413336
0.409362
0.406545
0.405074
0.404956
0.406162
0.408637
0.412215
0.416421
0.420411
0.423098
0.423532
0.42113
0.415815
0.408012
0.398621
0.388806
0.379872
0.373023
0.369102
0.368496
0.371142
0.376608
0.384231
0.393212
0.402794
0.412214
0.420815
0.428075
0.433669
0.437495
0.439668
0.440462
0.440277
0.439492
0.43844
0.437343
0.436374
0.435624
0.435076
0.434675
0.434266
0.433621
0.432561
0.430921
0.428646
0.425812
0.422506
0.418866
0.415094
0.411426
0.408188
0.405689
0.404208
0.403886
0.404574
0.405909
0.407338
0.408318
0.408433
0.407442
0.405263
0.401971
0.397688
0.392589
0.386932
0.381019
0.375212
0.369957
0.365723
0.362959
0.361968
0.36288
0.365594
0.369806
0.375047
0.380801
0.386544
0.391845
0.396358
0.399887
0.402411
0.40406
0.40511
0.405876
0.406671
0.40764
0.408739
0.409808
0.410643
0.41107
0.411047
0.410606
0.409845
0.408882
0.407872
0.407034
0.406667
0.407087
0.408534
0.411115
0.414671
0.418772
0.422849
0.426364
0.429039
0.430941
0.432479
0.43411
0.436123
0.438534
0.441099
0.443414
0.444998
0.445404
0.44431
0.441473
0.436925
0.430963
0.424255
0.417754
0.412488
0.409198
0.408136
0.409013
0.41112
0.413564
0.415456
0.416131
0.415205
0.41256
0.408321
0.402806
0.396529
0.390116
0.384303
0.379798
0.377183
0.376745
0.378391
0.381696
0.386072
0.39093
0.395731
0.400114
0.403846
0.406866
0.40924
0.411116
0.412712
0.414206
0.415678
0.417066
0.418235
0.419054
0.419378
0.419171
0.4185
0.417422
0.416022
0.414289
0.412207
0.409796
0.407142
0.404496
0.402161
0.400511
0.39988
0.400518
0.402427
0.405478
0.409316
0.413568
0.417857
0.421848
0.425266
0.427852
0.429423
0.429757
0.428749
0.426379
0.422797
0.418309
0.413388
0.40857
0.404349
0.401059
0.398834
0.39763
0.397259
0.397456
0.398028
0.398876
0.400076
0.401794
0.404242
0.407525
0.411579
0.416134
0.420864
0.425485
0.429789
0.433614
0.436835
0.439307
0.440914
0.441484
0.440877
0.438893
0.435323
0.429999
0.422858
0.413982
0.403698
0.392556
0.381367
0.371027
0.362471
0.356423
0.353261
0.352904
0.354856
0.358395
0.362712
0.367166
0.371376
0.375188
0.378591
0.381504
0.383716
0.384957
0.385079
0.384232
0.382909
0.381882
0.382032
0.384118
0.388634
0.395698
0.405043
0.41613
0.428203
0.440437
0.45206
0.462403
0.47093
0.477218
0.480982
0.482025
0.480202
0.475449
0.467837
0.457648
0.445396
0.431827
0.417931
0.404827
0.393627
0.385281
0.380359
0.379038
0.38113
0.386085
0.3931
0.40125
0.409511
0.416901
0.422562
0.42591
0.42669
0.425013
0.421281
0.416104
0.410162
0.404093
0.398519
0.393986
0.390979
0.38987
0.390795
0.393583
0.397638
0.402071
0.405957
0.408578
0.409546
0.408936
0.40717
0.404857
0.402605
0.40085
0.399787
0.399304
0.399086
0.398743
0.39799
0.39677
0.395308
0.394067
0.393576
0.394341
0.396642
0.40045
0.405395
0.410816
0.415886
0.419791
0.421872
0.421757
0.419408
0.415167
0.409667
0.403686
0.398001
0.393257
0.389877
0.388066
0.387902
0.389385
0.392496
0.397245
0.403555
0.411211
0.419783
0.428592
0.436843
0.44372
0.448542
0.45084
0.450387
0.447213
0.441554
0.433827
0.424638
0.414758
0.405042
0.396416
0.389719
0.385562
0.38418
0.385383
0.388586
0.392953
0.397496
0.40128
0.403511
0.40371
0.401791
0.398051
0.393101
0.38772
0.382751
0.378955
0.376937
0.377079
0.379584
0.384403
0.39122
0.399529
0.408672
0.417927
0.426559
0.43393
0.439545
0.443096
0.444492
0.443828
0.441372
0.437558
0.432867
0.427746
0.422506
0.417288
0.412072
0.406704
0.401033
0.395081
0.388998
0.383125
0.377933
0.373916
0.371547
0.371136
0.372789
0.376382
0.381624
0.388046
0.395129
0.402458
0.409758
0.416892
0.423846
0.430624
0.437106
0.442932
0.447545
0.450333
0.450796
0.4487
0.444151
0.437552
0.429447
0.420481
0.411305
0.402523
0.394575
0.387772
0.382347
0.37843
0.37606
0.375252
0.375915
0.377931
0.381107
0.385157
0.389702
0.39431
0.398504
0.401884
0.4041
0.405027
0.404822
0.403909
0.402862
0.402342
0.402972
0.405212
0.409281
0.415105
0.422238
0.430004
0.437683
0.444602
0.450317
0.454551
0.457203
0.458212
0.457563
0.455233
0.451252
0.445691
0.438772
0.430841
0.422375
0.413905
0.405815
0.398377
0.391649
0.385536
0.379863
0.374451
0.369243
0.364307
0.359825
0.356058
0.353288
0.351772
0.351715
0.353184
0.356209
0.360723
0.366614
0.373714
0.381789
0.390509
0.399487
0.408296
0.416477
0.423676
0.429663
0.434349
0.437718
0.439844
0.440818
0.440767
0.439867
0.438439
0.43702
0.436233
0.436715
0.438816
0.442479
0.447188
0.452047
0.456024
0.45822
0.457976
0.455077
0.449765
0.442659
0.434585
0.426457
0.419105
0.413131
0.408758
0.405814
0.403785
0.40197
0.399649
0.396309
0.391846
0.386673
0.381593
0.377558
0.375403
0.375568
0.377994
0.382224
0.38758
0.393384
0.399034
0.40414
0.408478
0.411933
0.414473
0.416053
0.416575
0.415938
0.414101
0.411165
0.407438
0.403356
0.399437
0.396177
0.393937
0.392835
0.392764
0.39346
0.394605
0.395949
0.397364
0.398893
0.400664
0.402834
0.405533
0.408766
0.412393
0.416157
0.419765
0.422919
0.425402
0.42708
0.427938
0.427996
0.427353
0.426159
0.424632
0.793738
0.779584
0.759025
0.734105
0.707108
0.680053
0.654388
0.630978
0.610316
0.592599
0.577769
0.565428
0.554864
0.54519
0.535682
0.526102
0.51699
0.509637
0.505694
0.506446
0.512187
0.52208
0.534538
0.547745
0.560087
0.570315
0.57763
0.581705
0.582749
0.581465
0.578982
0.576698
0.575923
0.577488
0.581538
0.58762
0.594964
0.60282
0.610596
0.617936
0.6246
0.630324
0.63487
0.637955
0.639338
0.638942
0.636895
0.633534
0.629269
0.624613
0.620045
0.615981
0.61284
0.61097
0.610648
0.611922
0.614552
0.618038
0.621766
0.625152
0.627764
0.629389
0.62995
0.62949
0.628148
0.62607
0.623424
0.620382
0.617026
0.613409
0.609609
0.605779
0.602098
0.59876
0.595834
0.593289
0.591025
0.58894
0.586973
0.585172
0.583703
0.582671
0.582121
0.581977
0.582101
0.582428
0.582927
0.583744
0.585008
0.586858
0.589313
0.592291
0.595578
0.598978
0.60224
0.605179
0.60767
0.609614
0.610946
0.611629
0.61172
0.611333
0.610615
0.609678
0.608592
0.607421
0.606184
0.604869
0.603466
0.602016
0.600786
0.600225
0.601012
0.603798
0.609017
0.616732
0.626396
0.636953
0.647007
0.655076
0.659943
0.66081
0.657383
0.649816
0.638568
0.624422
0.608507
0.592308
0.577501
0.565632
0.557771
0.554237
0.554599
0.55791
0.563012
0.568793
0.574416
0.57935
0.583432
0.586751
0.589535
0.592075
0.594567
0.597058
0.599474
0.601572
0.603053
0.603701
0.603535
0.602844
0.602158
0.602133
0.603395
0.606354
0.611174
0.617776
0.625842
0.634828
0.644045
0.652646
0.659721
0.664331
0.665761
0.66365
0.658065
0.649595
0.639109
0.62769
0.616338
0.605859
0.596772
0.589278
0.583322
0.578766
0.57549
0.573577
0.573353
0.575332
0.579957
0.587262
0.596488
0.606178
0.614543
0.620076
0.622015
0.620432
0.615947
0.60943
0.601624
0.593098
0.584313
0.575859
0.568525
0.563251
0.560816
0.561446
0.564663
0.5694
0.574447
0.578851
0.582316
0.585141
0.587947
0.591266
0.595001
0.598499
0.600838
0.601307
0.599831
0.596961
0.593573
0.590437
0.587949
0.586104
0.584859
0.584621
0.586547
0.592331
0.603236
0.619067
0.638052
0.657784
0.676228
0.692136
0.704832
0.713833
0.718665
0.718873
0.714096
0.704248
0.689623
0.670908
0.649342
0.626633
0.60494
0.586735
0.574114
0.567862
0.566766
0.568157
0.56948
0.569479
0.568314
0.566883
0.566172
0.566748
0.568713
0.571759
0.575373
0.578913
0.581717
0.583163
0.582812
0.580496
0.576379
0.570837
0.56446
0.558003
0.552355
0.54854
0.547486
0.549927
0.55616
0.56593
0.578528
0.592872
0.607624
0.621464
0.633208
0.641897
0.646941
0.648164
0.645819
0.640616
0.63367
0.626404
0.620286
0.616519
0.615652
0.617465
0.621098
0.6253
0.628844
0.630719
0.630431
0.627981
0.623779
0.618525
0.613084
0.608334
0.605013
0.603584
0.604016
0.60571
0.607579
0.608297
0.606723
0.60229
0.595307
0.586796
0.578279
0.571438
0.56771
0.568021
0.572596
0.580868
0.591567
0.602988
0.613288
0.620911
0.624965
0.625364
0.622816
0.618825
0.615251
0.613827
0.615515
0.620067
0.625971
0.631106
0.633562
0.632355
0.627734
0.620995
0.613887
0.608015
0.604374
0.603162
0.603945
0.60598
0.60842
0.61044
0.611263
0.610274
0.60708
0.601712
0.594672
0.586905
0.579631
0.574198
0.571826
0.573254
0.57859
0.587253
0.598002
0.609236
0.619335
0.626994
0.631472
0.63259
0.630719
0.62669
0.621692
0.616998
0.61373
0.612498
0.61319
0.61506
0.616946
0.617741
0.616729
0.613799
0.609421
0.604518
0.600229
0.597574
0.597172
0.599055
0.602671
0.60724
0.612129
0.616961
0.621587
0.625772
0.629103
0.630965
0.630728
0.628128
0.623473
0.617658
0.611929
0.607432
0.604783
0.603801
0.603663
0.603202
0.601336
0.597491
0.591817
0.585164
0.578847
0.57426
0.57249
0.573917
0.578137
0.584073
0.590261
0.595237
0.597941
0.597985
0.595633
0.591671
0.587182
0.583266
0.580902
0.580815
0.583482
0.589032
0.59718
0.607248
0.618277
0.629231
0.639185
0.647359
0.653169
0.656254
0.656578
0.654452
0.65044
0.645264
0.639647
0.634244
0.629561
0.625862
0.623182
0.621282
0.619713
0.61799
0.615812
0.613061
0.609843
0.606413
0.602951
0.599403
0.595425
0.590402
0.583625
0.574599
0.563323
0.550433
0.537148
0.525102
0.516073
0.511664
0.512975
0.520441
0.533629
0.551281
0.571541
0.592234
0.611243
0.626801
0.637643
0.643173
0.643613
0.640032
0.634181
0.628113
0.623762
0.622435
0.624454
0.629103
0.63486
0.639851
0.642286
0.64097
0.635587
0.626824
0.616203
0.605478
0.595962
0.588243
0.582262
0.577695
0.57421
0.571633
0.569936
0.569315
0.570232
0.573319
0.579086
0.587517
0.597924
0.609071
0.619572
0.628298
0.634514
0.637836
0.638239
0.636005
0.631676
0.625942
0.619472
0.612846
0.606543
0.600977
0.596584
0.59392
0.593593
0.596101
0.601514
0.609418
0.618743
0.628116
0.636145
0.641698
0.644116
0.643283
0.639544
0.633528
0.625999
0.617669
0.609238
0.601358
0.594707
0.589787
0.586765
0.585351
0.5849
0.584688
0.584228
0.583464
0.582727
0.582604
0.583692
0.586348
0.590438
0.595347
0.600055
0.603422
0.604419
0.60235
0.597048
0.589109
0.579751
0.570681
0.563511
0.559327
0.558371
0.560125
0.563756
0.568605
0.574527
0.581782
0.590619
0.600843
0.611682
0.622008
0.630662
0.636758
0.639755
0.63951
0.636231
0.630544
0.623477
0.616334
0.610429
0.606854
0.60624
0.608576
0.613317
0.619527
0.626091
0.631869
0.635913
0.637599
0.636623
0.632953
0.626925
0.619085
0.610117
0.600742
0.591592
0.583109
0.575595
0.569388
0.564993
0.56311
0.564525
0.569836
0.579069
0.591477
0.605528
0.619259
0.630766
0.638652
0.642263
0.641794
0.637981
0.631895
0.624672
0.617194
0.609995
0.603369
0.597503
0.592553
0.588791
0.586472
0.58583
0.586961
0.589718
0.593823
0.598828
0.604187
0.609377
0.613923
0.617509
0.619896
0.620902
0.620446
0.618438
0.614928
0.610161
0.604693
0.599358
0.595181
0.593148
0.593853
0.597407
0.603243
0.61023
0.617015
0.622354
0.625415
0.625951
0.624297
0.62116
0.617371
0.613706
0.610704
0.6087
0.607976
0.608726
0.611022
0.614709
0.619383
0.624565
0.629827
0.634779
0.639125
0.642527
0.644494
0.644379
0.641638
0.636162
0.628498
0.61979
0.611382
0.604277
0.59875
0.594429
0.590688
0.587041
0.583209
0.579103
0.574747
0.570148
0.565422
0.560851
0.556928
0.554326
0.553731
0.555689
0.560491
0.568013
0.577818
0.589242
0.601412
0.613445
0.624493
0.633876
0.641227
0.646384
0.64934
0.650106
0.648639
0.64492
0.639109
0.631608
0.62302
0.613923
0.604773
0.595907
0.587549
0.580037
0.57391
0.569798
0.568223
0.569418
0.573191
0.578853
0.585359
0.591485
0.596155
0.598727
0.599225
0.598463
0.597917
0.599267
0.603569
0.610726
0.619558
0.62848
0.636086
0.641427
0.643899
0.643267
0.639533
0.632892
0.623772
0.612945
0.601504
0.590613
0.5814
0.574676
0.570778
0.569552
0.570488
0.573006
0.576654
0.581134
0.586241
0.591836
0.597738
0.603699
0.609355
0.614331
0.618344
0.621268
0.623185
0.6244
0.625313
0.626247
0.627341
0.628432
0.62914
0.628975
0.627453
0.624153
0.618959
0.612301
0.605192
0.598894
0.594498
0.592484
0.592769
0.594941
0.598417
0.60254
0.606715
0.610428
0.613337
0.615256
0.616201
0.616461
0.616567
0.617059
0.618233
0.619858
0.621133
0.621088
0.619053
0.614975
0.60943
0.603358
0.597645
0.592801
0.588874
0.585609
0.582741
0.58031
0.578733
0.578748
0.581202
0.586714
0.595389
0.606724
0.619717
0.633023
0.645192
0.654918
0.661185
0.663309
0.660974
0.654273
0.643638
0.629771
0.613681
0.59656
0.579773
0.56467
0.552568
0.544585
0.541509
0.543616
0.550411
0.560654
0.572555
0.584171
0.593792
0.600413
0.603779
0.604291
0.602715
0.599998
0.597067
0.594758
0.59362
0.593809
0.594981
0.596494
0.597606
0.59767
0.596376
0.593837
0.590721
0.588197
0.587647
0.590227
0.596339
0.605328
0.615819
0.626261
0.63542
0.642635
0.647606
0.650241
0.65044
0.648077
0.643101
0.635636
0.625999
0.614726
0.602557
0.590346
0.579174
0.570407
0.56538
0.564922
0.568842
0.575831
0.583973
0.591443
0.597039
0.600427
0.602157
0.603299
0.604949
0.607846
0.612184
0.61752
0.623083
0.627983
0.631569
0.633614
0.634364
0.634418
0.634325
0.634297
0.634167
0.633601
0.632205
0.629755
0.626268
0.621922
0.616934
0.611573
0.606194
0.601315
0.597612
0.595755
0.596231
0.599032
0.603531
0.608607
0.61293
0.615389
0.615353
0.612716
0.607834
0.601493
0.594903
0.589588
0.58681
0.58698
0.589363
0.592437
0.594771
0.595691
0.595323
0.594319
0.59355
0.593862
0.595906
0.599929
0.605587
0.611973
0.617842
0.621983
0.623565
0.622332
0.618623
0.613259
0.607346
0.601988
0.597877
0.595228
0.593782
0.592988
0.592322
0.591536
0.590798
0.590622
0.591651
0.594403
0.598983
0.605039
0.611846
0.618584
0.624537
0.629191
0.632206
0.633351
0.632576
0.63007
0.626256
0.621662
0.616843
0.612214
0.607963
0.604161
0.600921
0.598506
0.597315
0.597685
0.599764
0.603334
0.607965
0.613215
0.618783
0.624546
0.630481
0.636587
0.642718
0.648477
0.65338
0.656889
0.658473
0.65767
0.654203
0.647935
0.63884
0.626982
0.612666
0.596589
0.579851
0.56383
0.55
0.539669
0.533829
0.532998
0.537153
0.545668
0.557313
0.570485
0.583598
0.595381
0.605171
0.61292
0.619152
0.624777
0.630655
0.637123
0.643698
0.649283
0.652657
0.653059
0.65054
0.645775
0.639678
0.632966
0.626141
0.619654
0.614034
0.609963
0.608031
0.608564
0.611427
0.615951
0.62097
0.625106
0.627253
0.626828
0.623794
0.618471
0.611206
0.602246
0.59188
0.580646
0.569483
0.785392
0.767151
0.748164
0.73091
0.717825
0.710742
0.710208
0.715071
0.72297
0.731381
0.738431
0.743084
0.744951
0.743989
0.740376
0.734492
0.726913
0.718373
0.709735
0.701765
0.695029
0.689933
0.686906
0.686416
0.688958
0.694774
0.703496
0.714208
0.725722
0.736984
0.747165
0.75548
0.761037
0.762996
0.760933
0.755043
0.746158
0.735443
0.724145
0.713206
0.703343
0.69493
0.687933
0.681964
0.676414
0.670761
0.664926
0.659578
0.656039
0.655886
0.660417
0.670135
0.684728
0.70311
0.723671
0.744637
0.764393
0.781794
0.796195
0.807536
0.816213
0.822801
0.827662
0.830722
0.831521
0.829515
0.824381
0.81642
0.806397
0.795333
0.784186
0.773622
0.763976
0.755401
0.748112
0.742291
0.737993
0.734875
0.732312
0.729513
0.72575
0.72049
0.713428
0.704535
0.69405
0.682578
0.671129
0.660994
0.65351
0.649714
0.65004
0.654061
0.660739
0.668686
0.676664
0.683974
0.690546
0.696734
0.70269
0.708053
0.71187
0.713129
0.711415
0.707309
0.702383
0.698745
0.69825
0.701848
0.709284
0.71942
0.730736
0.741714
0.750988
0.757497
0.760628
0.760213
0.756537
0.750327
0.742589
0.734488
0.727212
0.721861
0.719415
0.720604
0.725705
0.734249
0.744943
0.75579
0.764558
0.769387
0.769253
0.764137
0.755037
0.743554
0.731577
0.720861
0.712784
0.708223
0.707568
0.710584
0.716438
0.723821
0.731305
0.737938
0.743408
0.748133
0.753052
0.759172
0.767003
0.776176
0.785489
0.793244
0.797796
0.797891
0.792872
0.782684
0.767741
0.748956
0.727793
0.70635
0.687041
0.672197
0.66351
0.661456
0.665208
0.672931
0.682389
0.691548
0.698972
0.704091
0.707344
0.710037
0.714048
0.721044
0.731813
0.745958
0.762146
0.778519
0.793137
0.804334
0.810867
0.812117
0.80818
0.799846
0.788485
0.775845
0.763821
0.753902
0.746763
0.7421
0.738859
0.735879
0.732297
0.727629
0.721602
0.714134
0.705359
0.695873
0.686747
0.679137
0.673741
0.670289
0.667701
0.664742
0.660884
0.656682
0.653538
0.652769
0.65491
0.659614
0.666021
0.673423
0.681569
0.690666
0.700992
0.712376
0.723902
0.733992
0.74095
0.743692
0.742364
0.738363
0.733993
0.731537
0.73246
0.737059
0.744583
0.753913
0.764032
0.77424
0.784038
0.792921
0.800124
0.804729
0.80584
0.802722
0.794876
0.782282
0.765508
0.745822
0.72518
0.705737
0.689233
0.676508
0.667445
0.661275
0.657003
0.65383
0.651465
0.650272
0.651229
0.655624
0.664299
0.676915
0.691891
0.707039
0.720541
0.731524
0.74006
0.746804
0.75257
0.757739
0.76217
0.765148
0.765562
0.762494
0.755708
0.746153
0.735927
0.727836
0.724407
0.726884
0.734834
0.746312
0.758593
0.769033
0.775699
0.777631
0.774642
0.766896
0.75466
0.738279
0.718431
0.696604
0.675343
0.658132
0.648685
0.649782
0.662195
0.684219
0.712058
0.740946
0.766401
0.785063
0.795095
0.796314
0.790252
0.779663
0.767794
0.757187
0.748893
0.74257
0.737111
0.731355
0.724637
0.716919
0.708657
0.700435
0.692599
0.685129
0.677861
0.670779
0.664322
0.659583
0.658207
0.66187
0.671704
0.687979
0.709858
0.735183
0.760498
0.781622
0.794854
0.798325
0.792718
0.781064
0.767432
0.755386
0.746784
0.74165
0.738826
0.736927
0.734942
0.732509
0.72996
0.728167
0.728133
0.730645
0.735859
0.743136
0.751163
0.758383
0.763413
0.76547
0.764584
0.761587
0.757821
0.754673
0.752975
0.752862
0.753842
0.755012
0.755532
0.754986
0.753383
0.751142
0.748796
0.746614
0.744379
0.741417
0.73682
0.729925
0.720539
0.709145
0.696777
0.68484
0.674809
0.667857
0.664525
0.664563
0.66728
0.671954
0.67823
0.68619
0.696046
0.707818
0.721017
0.734712
0.74769
0.758599
0.766061
0.768642
0.765205
0.755351
0.73988
0.72092
0.701604
0.685306
0.674682
0.671221
0.675192
0.685982
0.702423
0.722948
0.745633
0.76828
0.788577
0.804432
0.814072
0.816464
0.811288
0.798907
0.780373
0.757383
0.732384
0.708372
0.688475
0.675241
0.669908
0.672216
0.680495
0.692268
0.704934
0.716324
0.725016
0.730493
0.733197
0.734385
0.735724
0.738635
0.74369
0.750218
0.756549
0.760585
0.760513
0.75554
0.746143
0.733929
0.721277
0.71074
0.704556
0.704126
0.709751
0.720521
0.734533
0.749473
0.763219
0.774178
0.781329
0.78413
0.782321
0.775812
0.764774
0.749715
0.73157
0.711735
0.691994
0.674137
0.659607
0.649185
0.642943
0.640415
0.640811
0.643446
0.64796
0.654314
0.662848
0.674042
0.688201
0.705152
0.724032
0.743313
0.761214
0.776081
0.786752
0.792665
0.793798
0.790562
0.783578
0.773706
0.761941
0.749496
0.737521
0.726883
0.717919
0.710502
0.704448
0.699876
0.697303
0.697239
0.699789
0.704444
0.710284
0.716474
0.722411
0.727846
0.732641
0.736555
0.739146
0.739979
0.738836
0.735903
0.731749
0.727193
0.723145
0.72048
0.719931
0.721939
0.726468
0.733002
0.740638
0.748237
0.754651
0.759032
0.760934
0.76041
0.757893
0.753832
0.748627
0.742531
0.735817
0.728789
0.721728
0.714707
0.707558
0.700072
0.692369
0.685049
0.679058
0.675278
0.674089
0.675398
0.678921
0.684647
0.692884
0.703865
0.717379
0.732427
0.747422
0.760523
0.770091
0.775019
0.774878
0.769837
0.760562
0.747996
0.733246
0.717361
0.701278
0.685646
0.671002
0.658037
0.647764
0.641511
0.640574
0.645685
0.656598
0.672119
0.69055
0.710059
0.728945
0.745815
0.759649
0.769933
0.77656
0.779807
0.780258
0.77874
0.776189
0.773576
0.771662
0.770654
0.769932
0.768284
0.764687
0.759199
0.753307
0.748965
0.747364
0.748181
0.750204
0.752092
0.752974
0.752399
0.750296
0.746915
0.742574
0.737457
0.731495
0.724283
0.715296
0.704404
0.692289
0.680376
0.670006
0.661893
0.656402
0.653938
0.654891
0.659299
0.666766
0.676681
0.688558
0.702071
0.716917
0.732606
0.748412
0.763378
0.776388
0.786262
0.791759
0.791846
0.785874
0.773878
0.756877
0.737138
0.718105
0.703599
0.696223
0.696124
0.701338
0.709117
0.717262
0.724724
0.731491
0.73802
0.74476
0.751772
0.758639
0.764697
0.769295
0.772001
0.772745
0.771672
0.768996
0.764914
0.75968
0.753675
0.747331
0.740933
0.734529
0.728023
0.721633
0.716163
0.712875
0.71277
0.715764
0.720634
0.725765
0.729981
0.732924
0.734861
0.736311
0.737543
0.738351
0.73801
0.735519
0.729976
0.720777
0.708014
0.692728
0.676868
0.66293
0.653362
0.649596
0.651686
0.658678
0.669347
0.682724
0.698161
0.715092
0.732691
0.749914
0.765492
0.778175
0.786903
0.791026
0.7904
0.785393
0.776891
0.766228
0.754885
0.744341
0.735702
0.729608
0.726097
0.724795
0.725067
0.72624
0.727862
0.729878
0.732683
0.736727
0.742164
0.748376
0.754038
0.757533
0.757448
0.753104
0.744697
0.733167
0.719909
0.706458
0.69436
0.684922
0.679168
0.677652
0.680356
0.686513
0.694746
0.703303
0.710351
0.714353
0.714331
0.710253
0.703186
0.695132
0.68839
0.684714
0.68472
0.688072
0.693979
0.701643
0.710376
0.719536
0.728592
0.737267
0.745589
0.753725
0.761873
0.770113
0.778322
0.786218
0.793638
0.800594
0.807145
0.813007
0.817449
0.81941
0.817752
0.81154
0.80029
0.784186
0.764181
0.741898
0.719376
0.698667
0.681535
0.669319
0.66283
0.662122
0.666395
0.674129
0.683586
0.693096
0.701283
0.707291
0.710849
0.712258
0.712354
0.712258
0.713113
0.715741
0.720549
0.727549
0.736446
0.74673
0.757854
0.769202
0.779977
0.789231
0.795893
0.799024
0.797985
0.792646
0.78324
0.770259
0.754288
0.736088
0.716716
0.697794
0.681356
0.669477
0.66364
0.66411
0.66987
0.67886
0.688524
0.696425
0.700719
0.700504
0.69597
0.688468
0.680236
0.673883
0.671739
0.675288
0.684815
0.699379
0.71714
0.735982
0.753954
0.769513
0.781551
0.789312
0.792318
0.79044
0.783903
0.773394
0.759972
0.744908
0.729441
0.714682
0.701613
0.691241
0.684514
0.681978
0.683505
0.688154
0.694467
0.701065
0.707155
0.712585
0.71774
0.723041
0.728573
0.734182
0.739581
0.744579
0.749116
0.753073
0.756261
0.758319
0.758901
0.757809
0.755098
0.751224
0.747142
0.744293
0.744179
0.747737
0.754689
0.763403
0.771413
0.776209
0.775993
0.770064
0.759005
0.74448
0.728828
0.714407
0.702967
0.69527
0.691064
0.689361
0.688926
0.688679
0.687987
0.686552
0.684295
0.681325
0.678179
0.675916
0.675909
0.679361
0.686906
0.69846
0.713095
0.729215
0.744883
0.758305
0.768117
0.77348
0.774176
0.770561
0.763422
0.753774
0.742868
0.73202
0.722429
0.715118
0.710751
0.709576
0.711494
0.716076
0.72265
0.730466
0.738715
0.74669
0.753959
0.760424
0.766127
0.771005
0.774786
0.776905
0.776531
0.772588
0.763898
0.749891
0.731432
0.711113
0.692557
0.678924
0.671763
0.670682
0.674232
0.680849
0.689477
0.699627
0.711172
0.724
0.737747
0.751734
0.76515
0.777205
0.78717
0.794284
0.797723
0.796715
0.790845
0.780167
0.765166
0.746705
0.725864
0.703912
0.682359
0.663028
0.647948
0.638998
0.637462
0.643501
0.656141
0.673626
0.693848
0.714825
0.734889
0.752763
0.767465
0.778296
0.784968
0.787509
0.786237
0.781524
0.773662
0.762856
0.749421
0.734141
0.718463
0.704362
0.694088
0.689678
0.692498
0.702781
0.719421
0.74013
0.762087
0.78251
0.79908
0.810153
0.814651
0.812
0.802138
0.785542
0.763275
0.737152
0.709981
0.685437
0.667403
0.658702
0.659996
0.669387
0.68336
0.698186
0.711149
0.720885
0.727262
0.731048
0.733402
0.73544
0.737902
0.740896
0.743961
0.746353
0.747326
0.746693
0.744942
0.743074
0.741757
0.740761
0.738865
0.734465
0.726735
0.716202
0.704852
0.695564
0.691178
0.693676
0.703506
0.719232
0.737921
0.755866
0.769536
0.776295
0.774828
0.765285
0.749257
0.729454
0.709152
0.691637
0.679692
0.793369
0.791405
0.794495
0.801775
0.811745
0.822613
0.832493
0.839638
0.842665
0.840746
0.83376
0.822496
0.808508
0.79392
0.780834
0.770814
0.764606
0.762107
0.762419
0.764221
0.766119
0.76741
0.768375
0.770182
0.774235
0.781373
0.791277
0.802676
0.813934
0.823511
0.830285
0.833564
0.832988
0.82851
0.820448
0.809524
0.79666
0.782991
0.769662
0.757535
0.746885
0.737292
0.727909
0.718073
0.707732
0.697644
0.689382
0.684773
0.685185
0.691164
0.702375
0.718003
0.737244
0.75948
0.784232
0.810796
0.837941
0.863967
0.886738
0.904213
0.914919
0.91824
0.914619
0.905298
0.891871
0.875937
0.85888
0.841735
0.82546
0.810917
0.798806
0.789419
0.782344
0.77674
0.7718
0.76725
0.763363
0.760631
0.759301
0.758959
0.758656
0.757324
0.75413
0.748718
0.741259
0.732458
0.723427
0.715421
0.709816
0.707945
0.71085
0.719054
0.73228
0.749353
0.768348
0.787009
0.803232
0.815472
0.823062
0.826054
0.825121
0.821172
0.815125
0.80785
0.800245
0.793396
0.788577
0.787208
0.790604
0.799538
0.813796
0.831876
0.85109
0.868033
0.879524
0.88338
0.878834
0.866403
0.847744
0.824965
0.800152
0.775066
0.751421
0.731185
0.716613
0.709658
0.711095
0.720317
0.736012
0.756787
0.781203
0.807655
0.834172
0.858293
0.877373
0.889159
0.892505
0.887774
0.876892
0.862583
0.847421
0.832966
0.819349
0.805744
0.791117
0.775124
0.758517
0.743142
0.731487
0.725886
0.727689
0.736601
0.750548
0.76614
0.779702
0.788142
0.789476
0.783094
0.769837
0.752168
0.733836
0.71926
0.712364
0.715381
0.728546
0.750479
0.778754
0.810255
0.841678
0.869956
0.89276
0.908768
0.917504
0.91895
0.913263
0.900707
0.881756
0.857282
0.82883
0.798666
0.769559
0.744364
0.725671
0.715477
0.71463
0.722428
0.736549
0.753689
0.770548
0.78465
0.794742
0.800788
0.803712
0.804924
0.805788
0.807251
0.809601
0.812384
0.814665
0.815272
0.813196
0.807928
0.799775
0.789754
0.779188
0.769301
0.760869
0.754156
0.74922
0.746106
0.7449
0.745737
0.748719
0.753893
0.761051
0.769601
0.77851
0.786669
0.793291
0.798232
0.801986
0.805205
0.808326
0.81138
0.814116
0.81596
0.816328
0.814691
0.810741
0.804567
0.796722
0.788157
0.780212
0.774424
0.772062
0.773941
0.780077
0.789478
0.800276
0.810042
0.816552
0.818512
0.815992
0.810259
0.803342
0.797325
0.793742
0.793188
0.795266
0.798897
0.802753
0.805777
0.807583
0.808433
0.808924
0.809536
0.810282
0.810633
0.809776
0.806957
0.801986
0.795478
0.78881
0.783785
0.78178
0.783205
0.787297
0.792409
0.79677
0.798959
0.798193
0.794374
0.787953
0.779837
0.77132
0.763895
0.759068
0.758189
0.76222
0.771379
0.784776
0.800459
0.815692
0.82764
0.834086
0.833951
0.82743
0.815854
0.801363
0.78663
0.774456
0.767295
0.766706
0.772901
0.784661
0.79959
0.814816
0.827556
0.835557
0.837276
0.831922
0.819583
0.801435
0.779681
0.757316
0.737476
0.722648
0.714189
0.712618
0.718129
0.730999
0.7512
0.777656
0.807758
0.837752
0.863774
0.882817
0.893243
0.894952
0.889109
0.877623
0.862523
0.84546
0.827453
0.808922
0.790073
0.771291
0.753555
0.738647
0.729214
0.728051
0.737
0.75561
0.780834
0.807976
0.83244
0.851003
0.862175
0.865895
0.862967
0.854461
0.841349
0.824534
0.805145
0.784728
0.765206
0.748692
0.737171
0.731966
0.733316
0.740227
0.750693
0.76221
0.77247
0.78015
0.785216
0.788753
0.792288
0.796945
0.802933
0.809516
0.815481
0.819806
0.822098
0.822623
0.82189
0.820029
0.816786
0.811908
0.805915
0.800619
0.798792
0.80256
0.811818
0.823984
0.835459
0.843261
0.845677
0.84237
0.834161
0.822736
0.81021
0.7989
0.790843
0.787362
0.788961
0.795192
0.804773
0.815792
0.825989
0.833012
0.834737
0.829634
0.817146
0.797779
0.773156
0.745974
0.719497
0.697073
0.681424
0.674061
0.674991
0.682811
0.695317
0.710231
0.72584
0.741243
0.756154
0.770563
0.78432
0.797017
0.808016
0.816557
0.822021
0.824144
0.823152
0.819839
0.815578
0.81217
0.811378
0.81427
0.820481
0.828106
0.834234
0.836397
0.833545
0.826673
0.818353
0.811683
0.809038
0.81116
0.817124
0.824831
0.831831
0.836235
0.83695
0.833622
0.826355
0.815469
0.801418
0.784858
0.766678
0.748125
0.730823
0.716553
0.706797
0.702353
0.703227
0.708944
0.719038
0.733273
0.751661
0.774001
0.799459
0.826278
0.851763
0.872842
0.886868
0.89223
0.888679
0.877294
0.860279
0.84054
0.82117
0.804864
0.79329
0.786721
0.78427
0.784439
0.785685
0.787039
0.788406
0.79042
0.793747
0.798291
0.803236
0.807816
0.811763
0.815301
0.818537
0.820885
0.820874
0.816944
0.808621
0.796966
0.783893
0.771321
0.760601
0.752279
0.746238
0.742064
0.739387
0.73807
0.738301
0.74051
0.745333
0.753377
0.765069
0.780608
0.799963
0.822676
0.847608
0.87292
0.896363
0.915485
0.92806
0.932286
0.927016
0.912166
0.888969
0.860035
0.828929
0.799122
0.772908
0.751093
0.733868
0.72198
0.716916
0.719865
0.730497
0.746678
0.765273
0.783395
0.799225
0.812019
0.821656
0.828151
0.831397
0.831239
0.827681
0.821131
0.812567
0.803343
0.794655
0.787186
0.780938
0.77558
0.770938
0.767406
0.765853
0.767349
0.772725
0.782163
0.794883
0.809041
0.822102
0.831421
0.834936
0.831537
0.821366
0.805799
0.786991
0.767411
0.749263
0.734333
0.72386
0.718597
0.718744
0.723953
0.733492
0.746502
0.762162
0.779693
0.798234
0.816691
0.834026
0.849444
0.862487
0.872805
0.879976
0.883442
0.882635
0.877111
0.866618
0.851398
0.832335
0.811057
0.790004
0.772065
0.759803
0.754642
0.756404
0.763537
0.7737
0.784419
0.793605
0.799927
0.802887
0.802884
0.80102
0.798525
0.796056
0.793511
0.790285
0.78597
0.780743
0.775268
0.770299
0.766404
0.763896
0.762996
0.764017
0.767346
0.773268
0.781775
0.79241
0.804189
0.815857
0.826182
0.834391
0.840192
0.843802
0.845748
0.846357
0.845456
0.842436
0.836607
0.827653
0.815827
0.801852
0.786719
0.771501
0.757248
0.744823
0.73508
0.72904
0.727874
0.732247
0.741611
0.754094
0.767428
0.77979
0.790424
0.799398
0.807008
0.813135
0.817244
0.818962
0.818474
0.816718
0.814967
0.814458
0.815898
0.819309
0.824197
0.829853
0.835732
0.841176
0.845114
0.845989
0.842123
0.83244
0.816934
0.796852
0.774552
0.753058
0.735463
0.724155
0.720069
0.722561
0.729894
0.740101
0.751727
0.764092
0.777087
0.790734
0.804734
0.818324
0.830408
0.839936
0.846191
0.848895
0.848205
0.844592
0.83871
0.831188
0.822517
0.813148
0.803731
0.795388
0.789497
0.787057
0.787956
0.790666
0.792683
0.79168
0.786639
0.778239
0.768463
0.759564
0.753479
0.751676
0.755314
0.765001
0.779889
0.797123
0.812619
0.822568
0.824666
0.818603
0.80606
0.790068
0.774217
0.761688
0.754601
0.753821
0.759097
0.769274
0.782601
0.796979
0.810308
0.820756
0.826995
0.828404
0.825305
0.818944
0.811125
0.803517
0.796936
0.791054
0.784888
0.777627
0.769571
0.762557
0.759436
0.762795
0.773653
0.790742
0.811055
0.831043
0.847641
0.858874
0.863947
0.862983
0.856598
0.845766
0.831761
0.816174
0.800747
0.787032
0.776023
0.768187
0.763732
0.762796
0.765259
0.770655
0.77811
0.786515
0.794802
0.801786
0.806128
0.806558
0.802233
0.793216
0.780692
0.766848
0.754377
0.745868
0.743193
0.74697
0.756461
0.769939
0.785129
0.799767
0.811958
0.820389
0.824314
0.823589
0.818515
0.809785
0.798274
0.784821
0.77024
0.75589
0.744024
0.737329
0.737902
0.746354
0.761615
0.781519
0.803326
0.823988
0.840552
0.850806
0.853734
0.849558
0.839582
0.825739
0.810038
0.793877
0.777898
0.762349
0.748029
0.736884
0.731536
0.733909
0.743974
0.759759
0.778353
0.797169
0.814374
0.828768
0.839469
0.845799
0.847291
0.843783
0.835467
0.823095
0.808033
0.79215
0.777446
0.765518
0.757326
0.753381
0.753987
0.759091
0.768057
0.779482
0.791344
0.801456
0.807871
0.809328
0.805734
0.79824
0.789065
0.781064
0.777065
0.779064
0.787645
0.801725
0.818801
0.835684
0.849278
0.857283
0.858443
0.852512
0.840105
0.822373
0.800809
0.777109
0.753194
0.731051
0.712644
0.699781
0.69396
0.696055
0.705935
0.722292
0.742878
0.765021
0.786175
0.804245
0.817852
0.826357
0.82983
0.828993
0.824967
0.81896
0.811936
0.804265
0.79573
0.785911
0.774754
0.763011
0.752384
0.745133
0.743516
0.748792
0.760567
0.776867
0.794839
0.811941
0.826667
0.838789
0.84902
0.858228
0.866814
0.874393
0.880036
0.882613
0.880955
0.873972
0.860909
0.841697
0.817341
0.790025
0.762804
0.739006
0.721673
0.713021
0.713954
0.723915
0.741105
0.762869
0.786061
0.807533
0.824599
0.835503
0.839762
0.838278
0.833019
0.826354
0.820396
0.816313
0.814075
0.812938
0.811874
0.81008
0.807246
0.803414
0.79893
0.794226
0.789523
0.784732
0.779376
0.772858
0.764867
0.755828
0.746981
0.740131
0.737137
0.739262
0.746908
0.759364
0.775045
0.792015
0.808562
0.82358
0.836594
0.847429
0.855756
0.860984
0.86227
0.858795
0.850118
0.836666
0.819777
0.801419
0.783973
0.769658
0.76034
0.757387
0.761242
0.77102
0.784494
0.79853
0.810033
0.816915
0.818676
0.81644
0.812006
0.806958
0.801943
0.796726
0.790685
0.783374
0.774901
0.766194
0.75874
0.754114
0.753435
0.756977
0.764153
0.773797
0.784579
0.795398
0.805497
0.814457
0.822216
0.828908
0.834546
0.838905
0.841457
0.84156
0.8388
0.833232
0.825379
0.816033
0.805948
0.795672
0.785555
0.775878
0.766926
0.758914
0.751959
0.746311
0.742429
0.7411
0.743173
0.748919
0.757553
0.767213
0.775657
0.781186
0.783279
0.782527
0.78017
0.777223
0.773971
0.769981
0.793364
0.78426
0.773616
0.762703
0.753057
0.746046
0.742518
0.742623
0.745849
0.751347
0.758074
0.765166
0.772132
0.779009
0.78629
0.794506
0.803884
0.81416
0.82469
0.834792
0.843961
0.851806
0.857896
0.861581
0.862153
0.859143
0.852637
0.843436
0.832972
0.823056
0.81542
0.810877
0.809088
0.808828
0.808915
0.809105
0.810184
0.81352
0.820362
0.831124
0.845293
0.861355
0.877084
0.890038
0.897942
0.899074
0.892436
0.878114
0.857158
0.831445
0.803432
0.775915
0.751605
0.73274
0.72063
0.715444
0.716485
0.722598
0.732608
0.745604
0.760855
0.777468
0.794311
0.809959
0.823018
0.832343
0.837192
0.837548
0.83428
0.828722
0.822118
0.815158
0.807798
0.799744
0.79114
0.783038
0.777377
0.776417
0.781853
0.793976
0.811552
0.832441
0.85431
0.875254
0.893811
0.908705
0.918672
0.922513
0.919548
0.909814
0.89432
0.874843
0.853537
0.832328
0.812581
0.794919
0.779417
0.76583
0.753756
0.742792
0.732766
0.724017
0.717605
0.71505
0.717718
0.726105
0.739543
0.756342
0.774401
0.791723
0.80667
0.818034
0.824946
0.826874
0.823664
0.81563
0.803721
0.78949
0.775193
0.763373
0.756197
0.75475
0.758686
0.766468
0.776144
0.785954
0.79475
0.802074
0.808132
0.813654
0.819628
0.827105
0.836748
0.848413
0.860843
0.872069
0.880039
0.883295
0.881222
0.874111
0.862934
0.849119
0.834506
0.821196
0.811075
0.805271
0.803778
0.80543
0.808598
0.811817
0.814376
0.816306
0.818091
0.820333
0.823254
0.826394
0.828591
0.828488
0.825225
0.818739
0.809747
0.799499
0.789453
0.78108
0.775594
0.773828
0.776004
0.781585
0.789245
0.797234
0.80386
0.808013
0.809478
0.808806
0.807144
0.806003
0.806995
0.811472
0.820046
0.832162
0.846049
0.859105
0.868502
0.871788
0.867516
0.855554
0.837549
0.816768
0.797191
0.78221
0.773365
0.770204
0.770781
0.772783
0.774527
0.775588
0.776848
0.779686
0.78509
0.793169
0.803197
0.814049
0.824402
0.833044
0.839102
0.842227
0.842666
0.841169
0.838714
0.836346
0.834916
0.834748
0.835855
0.838075
0.841172
0.844871
0.848738
0.851912
0.853075
0.850819
0.844154
0.83289
0.817797
0.800386
0.782605
0.766537
0.754124
0.746835
0.74555
0.750429
0.76063
0.774273
0.788834
0.801965
0.812098
0.818957
0.823297
0.826119
0.82807
0.829325
0.829863
0.829842
0.829569
0.829228
0.828522
0.826467
0.821657
0.812679
0.798817
0.780573
0.759978
0.740262
0.72481
0.715913
0.713991
0.717823
0.72557
0.735735
0.747519
0.760804
0.775724
0.792198
0.809657
0.826987
0.842895
0.856352
0.866845
0.874381
0.879282
0.881933
0.882458
0.8807
0.876093
0.867898
0.855616
0.839353
0.820152
0.799915
0.781121
0.76627
0.757246
0.755033
0.75971
0.77053
0.786045
0.804422
0.82376
0.842197
0.85818
0.870544
0.878389
0.881104
0.878452
0.870871
0.859627
0.846473
0.833176
0.820956
0.810225
0.80083
0.792527
0.78529
0.779414
0.775389
0.773812
0.775129
0.779352
0.78597
0.794012
0.802311
0.809865
0.816006
0.82049
0.823569
0.825838
0.827976
0.830519
0.833561
0.83683
0.839797
0.841824
0.842295
0.840655
0.836434
0.829342
0.819505
0.807782
0.795733
0.785201
0.777707
0.773847
0.773037
0.773994
0.775323
0.775895
0.774913
0.771924
0.766879
0.760165
0.752695
0.745827
0.741203
0.740532
0.745338
0.756603
0.774302
0.797358
0.823891
0.851609
0.878112
0.900958
0.917829
0.926803
0.926754
0.917913
0.90183
0.881075
0.85865
0.83726
0.81879
0.804004
0.792781
0.784581
0.778907
0.775455
0.773983
0.774094
0.775188
0.776678
0.778198
0.779892
0.782337
0.78626
0.79211
0.799728
0.80823
0.816403
0.823155
0.827911
0.830598
0.831506
0.831047
0.829332
0.826201
0.821636
0.816201
0.810959
0.80693
0.804571
0.803582
0.803191
0.80281
0.80222
0.801464
0.800467
0.798971
0.796487
0.792609
0.787178
0.780265
0.772118
0.763203
0.754375
0.74708
0.743289
0.744999
0.753606
0.769331
0.790854
0.815613
0.840328
0.861742
0.877106
0.884668
0.883927
0.875716
0.862119
0.84623
0.831474
0.820657
0.815255
0.815007
0.818132
0.822144
0.824767
0.824632
0.821487
0.816006
0.809409
0.802863
0.797123
0.792381
0.788554
0.785835
0.784687
0.785652
0.788782
0.793497
0.798934
0.804311
0.809189
0.813574
0.817595
0.821346
0.824665
0.827147
0.828301
0.827671
0.82485
0.819192
0.809901
0.796301
0.778581
0.758445
0.739145
0.724486
0.716993
0.716509
0.720513
0.726019
0.731163
0.735614
0.740159
0.745966
0.753916
0.76428
0.776908
0.791601
0.808415
0.827432
0.8484
0.870304
0.891246
0.908645
0.91994
0.923527
0.919166
0.907937
0.891791
0.872825
0.852695
0.832294
0.812006
0.792305
0.774587
0.761385
0.755288
0.757076
0.765253
0.777229
0.790812
0.804627
0.8178
0.829534
0.838968
0.845329
0.848074
0.847127
0.842852
0.835832
0.826773
0.816266
0.804583
0.791813
0.778102
0.763862
0.74987
0.737169
0.726932
0.720345
0.718739
0.723474
0.735638
0.755168
0.78032
0.807854
0.834176
0.856467
0.873215
0.883936
0.88852
0.886926
0.879073
0.86511
0.84599
0.824248
0.804362
0.79117
0.786707
0.788504
0.791725
0.792613
0.790062
0.785337
0.780897
0.779354
0.782457
0.790561
0.802542
0.816276
0.829289
0.839422
0.845258
0.846369
0.843321
0.83748
0.83066
0.824767
0.821302
0.82096
0.823423
0.827439
0.831371
0.83363
0.833144
0.829504
0.822993
0.814548
0.805512
0.797187
0.790468
0.785523
0.781798
0.778311
0.77397
0.768054
0.760445
0.751777
0.743485
0.737563
0.736001
0.740086
0.749978
0.764683
0.782352
0.800844
0.818149
0.83264
0.843175
0.848987
0.849702
0.845277
0.836103
0.823256
0.808377
0.793292
0.779638
0.76835
0.759849
0.754147
0.750978
0.749752
0.749658
0.749922
0.750075
0.750084
0.7502
0.750662
0.751496
0.752461
0.753115
0.753026
0.752059
0.750434
0.748701
0.747622
0.747983
0.750501
0.755857
0.764674
0.777387
0.794115
0.814579
0.837747
0.861856
0.884579
0.903526
0.916852
0.923698
0.9241
0.918653
0.908056
0.892915
0.874101
0.852927
0.831118
0.810476
0.792365
0.777538
0.766361
0.759178
0.756377
0.758331
0.765017
0.775682
0.7888
0.802244
0.813756
0.821485
0.824409
0.822471
0.816572
0.808403
0.800257
0.794581
0.793263
0.797122
0.80569
0.817369
0.829835
0.840675
0.847823
0.850011
0.847034
0.839549
0.82874
0.815683
0.801129
0.785526
0.769433
0.753925
0.74072
0.731796
0.728795
0.732253
0.741412
0.754754
0.770618
0.787693
0.804767
0.820073
0.831062
0.835182
0.831023
0.819153
0.802297
0.784961
0.772198
0.767476
0.77141
0.782459
0.798586
0.818404
0.841033
0.865613
0.890707
0.914256
0.933694
0.946566
0.950988
0.946029
0.931866
0.909782
0.881994
0.851392
0.821038
0.793646
0.77122
0.755121
0.746254
0.744963
0.750689
0.761657
0.775202
0.788432
0.799264
0.806946
0.811988
0.815571
0.818631
0.82129
0.822861
0.822226
0.818459
0.811329
0.801568
0.79087
0.781679
0.77657
0.777327
0.78404
0.794963
0.807324
0.818502
0.826863
0.831989
0.834328
0.834637
0.833548
0.831343
0.828076
0.823951
0.819838
0.817492
0.819011
0.825904
0.838141
0.854072
0.870918
0.88554
0.895065
0.89741
0.891564
0.87779
0.857614
0.833536
0.808625
0.785952
0.768039
0.756725
0.75297
0.756877
0.767522
0.78304
0.800931
0.818641
0.834118
0.846097
0.854069
0.858087
0.858636
0.856456
0.852491
0.847681
0.842696
0.83765
0.83197
0.824633
0.814488
0.800676
0.783145
0.763168
0.743523
0.727575
0.717595
0.713818
0.714999
0.719554
0.72627
0.734396
0.743215
0.751821
0.759075
0.764148
0.767138
0.769468
0.773479
0.781037
0.792166
0.805059
0.817462
0.828004
0.83662
0.843925
0.850622
0.857071
0.863276
0.868914
0.873489
0.876386
0.876821
0.873988
0.867121
0.855843
0.84036
0.821837
0.802389
0.784688
0.771042
0.762734
0.759638
0.760706
0.764601
0.770146
0.776472
0.782854
0.78861
0.792982
0.795257
0.794885
0.791687
0.785941
0.778528
0.770783
0.764179
0.760125
0.759569
0.762656
0.768802
0.776848
0.785442
0.793363
0.799908
0.805006
0.809062
0.812615
0.815814
0.818253
0.818987
0.816999
0.811798
0.803743
0.793998
0.784186
0.775897
0.770259
0.76768
0.768142
0.771575
0.778081
0.787764
0.800198
0.814112
0.827335
0.837587
0.843254
0.844085
0.841128
0.836162
0.830839
0.826174
0.822486
0.819791
0.818065
0.817378
0.817779
0.819315
0.822016
0.825866
0.830716
0.836057
0.840866
0.843819
0.84365
0.839804
0.832433
0.82225
0.81029
0.798038
0.787236
0.779522
0.775884
0.776554
0.781171
0.788962
0.798896
0.809625
0.819573
0.827106
0.830847
0.830049
0.824843
0.816494
0.807393
0.800694
0.79938
0.805338
0.818615
0.837582
0.85942
0.880992
0.899583
0.913277
0.921139
0.923106
0.919778
0.912001
0.900522
0.885531
0.866652
0.843577
0.816801
0.78796
0.759468
0.733979
0.71377
0.700344
0.694208
0.694776
0.700645
0.709998
0.721164
0.732883
0.744396
0.755239
0.765133
0.773922
0.781601
0.788426
0.794886
0.801661
0.809456
0.818536
0.828443
0.838194
0.846479
0.852068
0.854174
0.852585
0.847686
0.840415
0.832111
0.824172
0.817812
0.813789
0.812301
0.812951
0.814849
0.816897
0.818086
0.817658
0.815278
0.811188
0.80615
0.801153
0.797173
0.794892
0.794578
0.796063
0.798959
0.802547
0.805776
0.807606
0.807456
0.805682
0.803624
0.803192
0.806177
0.81338
0.824203
0.836647
0.847928
0.855348
0.857108
0.85288
0.844002
0.833015
0.822809
0.81581
0.813392
0.815713
0.821756
0.829678
0.837335
0.842679
0.844015
0.840135
0.830467
0.815058
0.794711
0.771032
0.74615
0.722557
0.702718
0.688558
0.681114
0.680486
0.68606
0.696755
0.711341
